a_1 a_2 redshift cos_tilt_1 cos_theta_12 mass_1_source mass_ratio dec ra psi phi_1 phi_12 phase incl geocent_time phi_2 mass_1 mass_2 luminosity_distance tilt_1 tilt_2 cos_tilt_2 theta_jn phi_jl
0.2817724226600149 0.2564312994483541 2.021687631341877 0.9802861181718427 0.7698249735939676 6.043398822144739 0.7130689752434065 1.2535803210769876 3.647909170507342 0.6195080274445895 2.453398476952101 0.03623571133765025 2.830137236564543 6.191690541893402 -0.091609414485093 3.7397939790839367 18.261263472140826 13.02154043072931 16145.801474825403 0.19889191723344005 0.6602089459250351 0.7898641059856089 0.09149476527795673 -0.0
0.2511879351461249 0.17772517383266917 1.5120397565036412 0.07700653019048988 0.7522101368120604 8.835860926348426 0.7194733271844077 0.1342962933134962 2.7396359319937846 3.0926896093690237 3.3154862561087937 0.34423875908796225 1.8861476374800281 1.3952437765509849 -0.060083371739919116 3.2803264763828364 22.196033929924337 15.969454381860666 11308.326292835742 1.4937134845959887 -0.5895328594040269 0.831200487246455 1.395243776606148 0.0
0.163141713310272 0.04309788677222731 1.837128270017743 0.6879157729009783 0.72041602615816 35.320921045745465 0.6311475676204109 0.8931310457756132 4.389549771992434 0.08443791114887418 3.4825384742575602 0.9662169389577218 3.160633123024322 6.036476433867016 -0.08566484259159689 3.5613111821815187 100.20998362194912 63.2472874142744 14362.650824318884 0.8121828615399115 0.08745387339838173 0.9961783466699073 0.2467088733219416 0.0
0.35712447542856846 0.05430138064590447 1.6242379549289099 0.1531056761838998 0.7258663657656302 61.92884548324475 0.8820711536906242 0.6029102629996923 3.667859821919617 1.713771399632121 1.791998078531875 1.2557994418596559 5.306090918940012 0.06084268037540283 0.047242960078708596 3.6525679874799324 162.51602682205868 143.3506992721497 12348.766340864837 1.4170860840671915 0.6954654427209206 0.7677555558670219 0.06084268034088623 0.0
0.04471606393141645 0.44502960380106593 0.9189084751839371 0.3048305048023543 0.8254062578686966 12.136050468915002 0.9631889047745614 -0.9012115078891635 2.1439933148301336 2.761278862307518 5.746265373122342 2.677796128159526 6.039895955323811 0.9272228350589186 -0.01488524472493391 3.18462969876696 23.287970100060992 22.430714415100482 6119.853583005371 1.2610358677481637 -0.28462503260311034 0.9597670100680823 0.9272228350706581 0.0
0.18215386660171184 0.11033916053582596 0.8817795926977741 0.23363442025763487 -0.6539935720296065 7.761438546878266 0.7813665394795541 0.23366366766990213 4.997959652248957 2.8039298390660976 3.340392080480034 2.4994149425168266 0.06831579052244574 0.4592394380923445 0.09422459490448673 5.640947195584124 14.605316667493387 11.412105742482362 5817.041877490458 1.3349824447604464 0.3376305023286751 0.943542215121308 0.4592394381117406 0.0
0.04000105342886869 0.24182792169153597 0.5441792313425803 0.838472548109511 0.672174911740573 16.167578619917172 0.5517393870780702 -0.018593632445763942 4.918431807000996 2.7443142393617737 3.422512920970509 3.9917235456804785 3.877155203701195 3.7422931056780917 0.09648488214162321 1.1967902349947663 24.965639125974437 13.774526429377426 3230.551410917836 0.5763221314005309 0.9034556699783697 0.6188993428511294 2.54089220148694 3.141592653589793
0.2851032238039764 0.5098305051782857 1.9954177074186799 0.7219156415196489 0.43886796222565194 29.54714196803869 0.386157073312442 0.030779612366552394 5.2348392681195035 2.1660532109105803 0.05102581818604708 3.647576975666491 1.3815252244938028 2.337686520659736 -0.03269053616238256 3.5606628372545077 88.50603225467671 34.17723038596255 15890.04927303976 0.764229646665788 -0.2417070407608295 0.9709307917434945 2.337686520574581 0.0
0.09811517008348665 0.06631531419712645 1.9571022978090957 0.7405430115863837 0.8661395818229193 10.323266542996787 0.5089524209433819 -1.168007407720337 0.13287719644608642 0.2321211521904146 1.2063897408856663 1.656791413757056 0.43633995055606284 1.0137782245280487 0.034672836948596214 2.4231218077669876 30.526955215191556 15.53676776080194 15518.15279154786 0.736918285628881 0.9437894717232511 0.5867235790676528 1.0137782244988576 3.141592653589793
0.1265942599902562 0.17278874705670516 2.012512281429313 0.1927258327933813 -0.4076263020223933 34.6666683446342 0.5863523685036932 -0.02784471393191154 2.112918892043954 2.3276919848791473 3.2585887901727526 1.3127772913078901 0.4362452193955483 1.8854541338369581 -0.04688855286473466 5.088471963368191 104.43376414444732 61.23498495785276 16056.403899343153 1.3768570228195949 -0.40676383687734347 0.9184059829874334 1.885454133848608 3.141592653589793
0.29508595094339896 0.3344280446258604 2.122672782838185 0.7253300186221026 -0.15827837727127742 9.562691002458296 0.8743302100587376 -0.437259978400187 5.017481647079106 1.2833546836184677 1.1207366999567303 2.402589169577337 2.9699889544134916 1.9500829388986665 0.07106999236454678 1.2513850450086033 29.86115492406812 26.108509857356985 17134.592400502617 0.7592826549070559 0.07887642506561102 0.996890867239306 1.9500829389403755 -0.0
0.32550958415707976 0.33362982692584453 2.2120313677573815 0.6808423188164192 -0.7499442576317142 8.533173859841316 0.8382398841814844 0.06640807324330053 0.10111447943400845 1.1836634844407194 4.437054459361583 5.81669354886304 0.8635707463517172 5.9936109727130304 -0.06525732666881409 0.7967660834950286 27.408822104337638 22.975167866290892 18016.692626725577 0.8218842727716926 -0.4185405121675785 0.9136830890334489 0.28957433439431124 -0.0
0.049849192857864426 0.31408827037819315 1.6730172996391868 0.48201317551736167 -0.699188424498966 14.120093940843407 0.7684896747394084 -1.177831983205046 3.5086266379780375 0.266031934661413 5.731448219476345 5.829938653803364 0.12409685556216747 3.7218192573958477 -0.0412963258370072 0.07343917583342524 37.74325537640489 29.00530204781982 12805.797075506613 1.0678453472874292 0.2863486827125165 0.9592815877925205 2.5613660497818223 3.141592653589793
0.22846982401566213 0.06725351611756057 1.9144106959175622 0.966998162232777 -0.640817101470927 34.86214756161498 0.4805961078621998 0.7061391234011668 0.09777080795979885 1.0575587820041772 3.1126534768323477 2.7504105910931136 1.1939256054455776 3.841246942011335 -0.016599219895603645 5.9759547331708855 101.60261573622705 48.829821671449416 15105.389219823046 0.25762365029998174 -0.43676671554045576 0.9061241150826199 2.4419383651507167 0.0
0.21804260149930668 0.3478922812514749 1.2412063011749133 0.9862537154921704 -0.7457587715663117 26.52771069040887 0.8278144981452246 -0.294987158085891 2.473033431201642 0.7509419182632866 5.29722965671294 5.026099554235683 6.154984130230846 2.166943436255113 0.03793152452387655 6.051496591959545 59.45407235508947 49.21694306931826 8866.53356294076 0.16599936056869788 -0.6294446277853901 0.8083545783109651 2.1669434362518136 0.0
0.19068872257300565 0.40221692971375916 1.5049899575481103 0.7592296880474161 0.7392068668010873 8.178878366585643 0.33150877679780155 0.33669174684691083 3.6727633626285825 2.727111436750395 5.925454990886189 3.6829728005001447 3.4133831778721646 6.057802889885978 -0.06722693234644213 3.7246584101686375 20.48800817230453 6.791954528224036 11243.476168041267 0.7086676274217364 0.2884614511922538 0.9586826926492792 0.22538241730910455 0.0
0.22619132447945972 0.509964949508645 0.8884119500313175 0.5100095111393829 0.04297866873673078 8.571158901767005 0.46974779977747616 0.9467585406861467 1.2757162646577802 0.929384721601715 1.6274289240765243 2.17812331819454 5.354900093142477 2.137822679992139 -0.09741087386546277 0.9210286164731486 16.185878895714115 7.603280998726391 5870.900521049271 1.0356004792609665 0.7542448148007255 0.7287888553249707 2.1378226799215274 0.0
0.16117490362324055 0.4639646179609251 2.1321880922227034 0.6990748892468664 -0.25555373294814726 9.23788554722901 0.9443401842274699 0.19820392551895585 3.7010360355021534 1.5838678672119082 4.215452911314265 4.184958178263773 4.087027316269039 5.785628434258786 -0.033024748647897714 6.248853897171911 28.934795108346915 27.32428974320042 17228.210125362282 0.7966934233187354 0.5123325658869909 0.8716034288446142 0.4975568729089094 0.0
0.18878657782795732 0.5392280758797613 0.8481299982139867 0.7855244830285733 0.4459906678382126 11.298679612353222 0.2789764801908248 -0.2352257023773335 3.854940036144123 0.506047533210976 1.0453818555379715 6.130305919992012 4.679068243987854 4.755221536255161 0.012021927400280588 4.688295426345432 20.881428731798767 5.825427488952779 5545.388966727496 0.6672531161100786 0.5519353885486125 0.8515113231513153 1.5279637708684624 3.141592653589793
0.1471587540688553 0.0785390653794495 1.76795438484761 0.24445866162508942 0.054325573232227635 15.110326078496428 0.5321454228735423 0.10742522588346114 5.003579062346481 0.6313258596884687 2.919390634720996 1.086222782919348 1.4326167475636822 3.5013767279734136 -0.011112675234493219 4.592686955735916 41.824693325451385 22.25681911622855 13702.933976230948 1.3238349502307212 -0.23785047878403073 0.9718466772928995 2.7818085791587137 0.0
0.3074682813201268 0.07548416451225609 1.0879810745822507 0.9029262606494659 0.8961092119821743 14.670287385987685 0.6062396358837543 0.9067004157546774 1.248403448160622 0.7271823971052349 0.1342753780974069 1.6356001201137385 0.5285158129780554 5.542684153829388 -0.0602902293693258 2.2498124461546922 30.631282420625002 18.569897501332147 7536.147906295825 0.4442662737558368 0.8223621216016238 0.6804922502691935 0.7405011533806418 -0.0
0.07275539149934947 0.2278247148775068 1.141294035743961 0.2258913823263615 -0.1090943392347271 12.394428445119603 0.938802405392272 -1.0631048617861132 1.6538350615099118 1.9553820083639828 5.425443598541466 2.8085223856833537 4.712494600701768 4.143779409953022 -0.07560822558733854 4.537340075896983 26.5401157059899 24.915924464172537 7994.357507258538 1.3429383538816544 -0.862729091101095 0.6503668196814778 2.1394058972106396 3.141592653589793
0.16481937671724237 0.30664151103910825 0.6742366064929384 0.6328937480692558 -0.009457673397720356 10.790934336341564 0.32110039393755896 1.384282327552992 2.4839233934257448 2.866168366118067 1.2737365967586924 0.5027380759783376 3.6752372102325963 3.786433385592143 -0.09095769850713498 5.29708200213466 18.06657728416463 5.801185083048617 4187.865607023996 0.885511258570627 0.5492852028998624 0.8528979195509548 2.496751921490374 3.141592653589793
0.09440919856984173 0.14816528211750746 0.32341089872406636 0.6457444234585772 -0.25953846095371214 10.055511681061015 0.7436047187248837 -0.5408516990512758 1.2693131236948114 1.1728779241696432 2.105103238579521 0.8923230353527623 4.857554863001634 1.1556283006869976 0.08134217998228443 5.14410021857431 13.307573750963304 9.895574635995713 1746.580733416656 0.8687984991380248 0.09079792347118082 0.9958806997631382 1.1556283006721584 0.0
0.4038152769237232 0.12681202764385438 1.4003831798203679 0.5618099284930924 0.03813765786790864 12.470667157189066 0.5249145942282257 -0.5098200150552199 1.4659738509828544 2.292678743733204 5.553671532594447 3.145360002123841 3.407181095287508 2.4275418559371347 -0.013190518846749225 4.121515911706547 29.93437968525492 15.71299276595923 10288.949923445927 0.9742243054591472 -0.5927709907895383 0.829395819661698 2.4275418558837485 3.141592653589793
0.12520806635464507 0.3075579023628074 0.49776139550236426 0.1378274402156572 -0.018118586810207553 36.70247374305816 0.9617019093625381 -0.36962861766705707 3.829069622717932 1.9618900377385333 5.966608205375863 4.8708975403240675 5.9743758332880645 0.7023399646277052 0.07805788515463805 4.803218025367336 54.97154829179167 52.866242952831016 2902.7102859402144 1.4325287426419213 0.4504775674216475 0.9002392743091694 0.702339964659945 0.0
0.09580553548984999 0.2167626955127016 0.761388440220576 0.8783915413173293 -0.43120399022862327 6.695147892258878 0.605095128539561 0.35643744540412997 4.096546986417684 1.0385360291208454 1.2162893303408442 6.232833314491879 3.884439456617609 4.1392687429751005 -0.011271973732723303 5.188065812903036 11.792756102991941 7.135739269975602 4858.072737436146 0.49830999187374325 -0.24961960671373565 0.969006462413117 2.1439165641812075 3.141592653589793
0.24632532738396903 0.05518153679207296 0.6721168605336059 0.6714076292631572 0.9005867103569507 32.80049986975263 0.8105268258332423 -0.08836341630042717 0.4846776931945313 2.2814154891195457 5.588729389431222 1.5621139777155715 2.31803178517265 3.1436495380662093 0.0013685135293241002 2.765629995617217 54.84626886614371 44.454372212872045 4171.836778727595 0.8346897612451308 0.40066264970972487 0.920802743849208 3.1395357691477748 0.0
0.10508881977154694 0.18042650764734525 1.9551955137801196 0.5468786653576794 -0.11178181906353492 41.28028067074756 0.7654006529303522 0.3579303596323023 0.6945415345709325 0.2653831847953065 5.821413883232134 4.908562299150505 1.4047273532223443 1.5461092800206515 -0.02769747496082986 5.208804946866618 121.99130024577737 93.37222085994063 15499.680561077786 0.9921648978493989 0.4476087102625882 0.9014846554821643 1.5461092800063425 0.0
0.2068644058112547 0.5723190238338619 1.264492700459018 0.6215617603138429 0.020470744323581178 14.35238288816513 0.9357683166447238 0.3344731140212524 0.7549171147383842 2.291764524388529 3.573569831179195 0.9229073823737304 2.877376306698412 5.956282407395805 -0.0020604103030187615 3.837675555424079 32.50086628444286 30.41328093248835 9072.193838820192 0.9000615410745457 -0.6779769870161434 0.7788431831956781 0.32690289976236614 0.0
0.06291405429567092 0.20418788831532456 2.2245563524997487 -0.15856235974230798 0.9041603055997384 37.88446148357454 0.5216063778576386 0.9620677348661525 0.4240651814947731 0.10789909466198057 2.799702139517201 2.0612522952799552 1.4615030992633644 3.4963533020411868 0.006878036079794758 3.4376338263859454 122.16058093789233 63.71973813999892 18140.847797700662 1.7300307480174133 0.16855254506101597 0.9858286181889397 2.7868320051216884 0.0
0.2622428920354592 0.059572113658052095 0.532922896598037 0.36201905661371553 0.8556015372310175 35.835895212242136 0.5704715543241199 0.903242719919656 4.826491243533524 0.749604202217274 1.5928438858676321 4.680566281654643 4.384654295980608 2.4368499677847995 -0.047716523223407005 3.113295172055088 54.93366429093394 31.338092852768487 3150.3422593460514 1.2003633688256343 -0.17208015602916538 0.9852307091438474 2.436849967808045 -0.0
0.3647155987822619 0.12481796240483756 2.2125759972434587 0.5707282350998952 0.7888191642967509 7.175779482084599 0.715738478142782 1.0416766177332835 0.5895411060551232 2.997294335956381 4.1967299765806505 5.664554990743609 1.5148326021662735 5.124592996294806 -0.04261037158285479 2.3564426646261345 23.05273692565708 16.499730844195714 18022.08873271601 0.9634038849311859 0.5020784657028047 0.8765841974825107 1.1585923108276572 -0.0
0.3000690880993036 0.25376321858484746 1.4150678795342546 0.3776878549488504 0.1791171933949517 15.024988734711169 0.6152555040481277 1.2229808589427351 3.1216615796446496 1.8972026476120272 4.497555659358954 5.772593879273927 2.5391865459785636 3.7178765823933793 0.014050824949100288 1.6318692253113674 36.28636768356497 22.325387439227455 10422.04786600631 1.1834984035777558 0.33316303769599215 0.9450126524417328 2.565308724838359 0.0
0.003860123693510639 0.14706374366316743 2.265088589168033 0.3322400898139098 -0.6094620402693115 30.94800504763851 0.7323542084362402 -1.124492939295977 3.649105840997885 1.3656392015372787 0.12934576368076217 1.488443988376474 0.7660058832510821 6.224716413983711 -0.047506955549132784 0.8881640171476576 101.04797813855919 74.00291204374702 18543.47233360213 1.2321187398666487 -0.04536404956314158 0.9989712279473473 0.058468893195739516 3.141592653589793
0.0240827311284346 0.06794645636278614 1.6092261727520314 0.591853110652934 -0.27247226228372257 37.725527089664524 0.8578209498551003 -0.7021425979714679 0.8443825507186262 3.030163392355854 0.37330883021018907 1.0263793264049874 0.6406354522679661 0.042830432587375435 -0.026761455650866448 0.716060966937357 98.43443266321844 84.43911852560996 12208.673243283922 0.9374404072235026 0.454693590758422 0.8983956413233823 0.04283043258143346 0.0
0.0922084137786607 0.4292915054029096 1.5505781425106842 0.7761577992834404 -0.8259347660428653 6.4345265844601 0.4025746212289185 0.7508043530126908 4.428887822972559 2.439458222159986 5.657313955559054 5.964418412274719 2.25495646820242 5.3021889964503375 0.00664411252315486 0.17975258325412347 16.41176286372786 6.606959218564073 11663.952593851394 0.6822470947546502 -0.30221131224563624 0.9546806664564844 0.9809963107590912 -0.0
0.24496581890703092 0.16819212621474472 0.9208351051828775 0.5028530699669764 0.9570585693117225 36.72855559922662 0.9143470054478595 -1.0630680988609966 2.64333880481551 2.9141252450229205 3.4195655267772653 6.236434937623138 3.3607617652696797 5.000992800601944 -0.09760954964912989 3.0460805010562417 70.54949895765562 64.5067231077793 6135.652171086301 1.04389996472066 0.24377844585222008 0.970432896766845 1.2821925065947397 0.0
0.2617241527663073 0.4250356108412642 2.035610317475712 0.4157286229142556 0.6059724862616612 7.1734787464121235 0.6405677484897022 -1.185144422499223 0.2701164872404002 0.9530608253637193 5.124426057134427 4.41232750063556 1.018498475582912 1.1357353055808797 0.06327297514246527 4.187805719152135 21.77588609480138 13.948930327115134 16281.596750269244 1.1420525357246318 0.7995928117690092 0.6969987505389664 1.135735305632779 0.0
0.5029175791392231 0.38481666619525307 0.6031356483927923 0.3130649237256881 0.8122151754728697 10.419923983705166 0.862954382953339 0.09842260092053698 4.269352594849811 1.8299419992987167 4.77965172857019 5.9836022269862985 0.12256281894024854 1.1776503077983533 0.0470308763872396 2.4845129771637797 16.70455159182079 14.415266011431926 3657.7410019708045 1.2523778566083146 0.45299291616769655 0.899141256021062 1.1776503079122016 0.0
0.05787513596626829 0.22447666935424201 1.475760669652919 0.8428259539071578 0.1064612095850587 15.509748650266317 0.7235501614095813 1.066555669945903 0.7416047241086245 1.161880072437318 4.947283812339774 4.514223973078797 3.392406880216274 4.942756847927079 -0.050619835608446545 5.747758073464512 38.398425704531796 27.783187116387797 10975.287903733066 0.5682836095074056 0.5754560995204452 0.8389441723547902 1.3404284592643723 0.0
0.25957635758613123 0.13147556158553214 0.953894658427359 0.843452883610936 0.5989866481819681 9.751262454826916 0.9163637336589812 -1.2989937486320886 0.6308372482801311 1.7052444366694097 0.5422308747316652 5.603830521531533 4.531320504752289 4.576795635206285 -0.010627594032482549 4.5924451492751555 19.052939623409568 17.459422890486735 6408.0258359876425 0.567117651123749 0.6524024502307283 0.7946275723235476 1.706389671945562 0.0
0.19816553183879893 0.08281618083554297 1.7559642753690112 0.9950510510823971 0.13922490859554817 35.5613419988666 0.49307782986713183 0.2405598355078848 1.9932560811005169 2.6286575211053096 3.3241187436361215 0.1106868393593469 2.2985134676359626 3.1264070042512024 0.022166012636527774 3.0703960469334532 98.00578813305599 48.32448132706515 13589.090683664443 0.09952925528911068 0.04039241505986861 0.9991843373112107 3.1264070042549474 0.0
0.18930920164905074 0.2787392856995617 1.771293545048051 0.8225738111979845 -0.9680476415754145 20.35838700504061 0.754634985148407 0.4150134231423902 1.8650445144506058 0.9955091156821694 1.7923689276528727 2.234595279479254 3.451924686843611 2.3762998037511585 -0.043310597894483376 0.14461158419324618 56.41906649465916 42.5758014062841 13734.665621622991 0.6048739013938641 -0.667408251741562 0.7854284709035374 2.3762998037620013 -0.0
0.07214948763010436 0.1574917969323402 1.7919197987084419 0.7498839504436285 0.3719736090439847 36.71653780749851 0.9267387018819723 0.23492113865236117 1.0625301893581813 2.4785905571879154 6.243555552109226 4.855195304817542 2.8340998225505225 3.83157208693961 0.04344252551707095 4.581895315632723 102.50962884478213 94.99964036601617 13930.933957938129 0.722909680803215 0.3903501203693277 0.9247758914620638 2.451613220248857 0.0
0.1580798474064959 0.04078994651256473 1.1369584823398338 0.6392680864288242 -0.17699561773732286 10.986405606532296 0.5144565437256271 0.016298931539322003 6.210270565799927 2.317436467328887 3.2505129142881297 5.811440808046544 2.3190496268312857 0.4269948079496058 -0.09303642359284825 2.1962863267422152 23.477492651305095 12.078149724734228 7956.901642115337 0.8772502311998938 -0.7459426509688534 0.7344484850958408 0.42699480798232814 0.0
0.09653942836724595 0.12942002832071206 1.0578611301116676 0.6353601867957677 -0.26339884544455516 12.259531659527273 0.608961060736135 0.4838865171195457 2.540976619306869 2.7090781182280406 0.3031773633457284 0.30620835847028677 0.051502804769302885 0.82939659909798 -0.09443269465547095 0.003581853453275968 25.22841367551456 15.36312155253136 7279.621039215196 0.8823214634612929 0.5775901175048366 0.8377808930377698 0.8293965990880042 0.0
0.11101318354095127 0.23595589892016353 2.2025660352368748 0.9748157691950674 0.4287959565298467 7.682569938640604 0.586939691516998 -0.45227240990873074 5.893249529265988 2.3781026543576353 0.3950426691255682 1.0666664398432981 2.879952104617445 5.041823271666828 0.06382605801082553 0.7580598359856252 24.60393754882224 14.44102751500921 17922.94930187788 0.22490288612730006 0.5757095249896573 0.8388062268433129 1.241362035503408 0.0
0.07397978129052483 0.28578482334448896 1.8624979300801798 0.32083315429574055 0.03396202103716282 43.718725451686915 0.6691469738135266 0.8202787079488217 2.630608413070629 1.2558581206108135 2.854132106743329 1.278921796896754 1.1434714156585455 2.553126960577287 -0.056310008170150194 4.678799932851108 125.14476111119747 83.7402381861745 14605.823211543784 1.2441873136985884 0.006717926563266759 0.9999774348162104 2.5531269605875355 3.141592653589793
0.030413645125654545 0.2687829568023389 1.1768349884673255 0.4762964325609803 0.1044093292062439 18.34036847727677 0.7101447633326345 -0.7533495590702354 4.980767051423751 1.8465900002508084 4.753121071643427 4.877517307372707 2.808816779003402 5.145915918624926 -0.08792276743340584 0.315364092260429 39.92395580271927 28.35178814482464 8302.655511700726 1.0743584656953151 0.9174514432240016 0.6078458229054406 1.1372693885618872 0.0
0.13564748625094078 0.020076926366156128 1.705162158870516 0.3590836379739889 -0.3265143534466156 12.546596537916415 0.5574083860207268 -0.10855761647336742 5.702536484144715 1.161733986450895 1.5258184024333543 4.845403167802006 3.5407354824810735 4.3316997629402785 -0.029055249885058615 4.539044319800529 33.94057817698731 18.9187629022448 13108.45211563668 1.2035104648948076 -0.9854619961244495 0.5524780869840753 1.9514855441940746 3.141592653589793
0.26806789238070994 0.13771403048600322 1.6950052308632844 0.9736299199194467 -0.019805909832977125 8.948494341814577 0.8980564464315384 -0.6824136808537622 2.874580946545921 1.363254328183178 1.102317789606595 5.118717024518312 0.772047593851386 1.5133835663980708 0.04597560466836262 4.033069700914249 24.116239059540785 21.657743951104663 13012.69637130265 0.2301599395940311 -0.16552149608456762 0.9863325642704771 1.5133835663798902 3.141592653589793
0.07352234490466056 0.16177707481875256 2.088545482021961 0.04861186280222954 0.8130448740464721 10.74497238359136 0.5693531765392034 0.2813693823150615 2.1688758770666827 2.0382309864415173 1.4216959160791256 1.9422233477292907 5.255480641044452 2.455713438623068 0.03696151957075122 2.7892644414369077 33.186335909791836 18.894745767937014 16799.45356984013 1.522165297715074 0.5440190449312546 0.8556354241197274 2.4557134386033583 0.0
0.03807185846975656 0.3912275009472853 1.6754566076465292 0.36696739264061007 -0.05518462643012623 11.338641553691831 0.724389123205777 -1.0126778027869654 5.84666935149161 0.3744101459142326 0.2460484728613566 3.4751135526521164 2.198948576427917 0.7697590085490115 -0.020411080185802483 3.4128250550615924 30.336043466560316 21.975099928273966 12828.72334446356 1.195049459431106 -0.9455161242527077 0.5853244838961886 0.7697590085134429 3.141592653589793
0.2273874816485914 0.20067296660433573 1.7203035685126402 0.4562464843494311 0.49612209558095255 5.926893516861943 0.909139081705751 -0.9846221373724658 1.5215212374577902 1.7911474817385569 2.4176853472678483 3.857420452219431 2.372922545124159 5.842980267005477 -0.09429294710767398 1.995911773066369 16.122949584113975 14.658003579289499 13251.411177561558 1.0970238399870964 0.3273245401777043 0.9469059206733945 0.4402050401066743 0.0
0.08696284153794016 0.20818813350781887 1.914638106522994 0.9085925334996646 -0.08362753325360975 10.74479180210607 0.8174688859394053 0.8005685311170365 4.985402363405464 1.35727485761777 4.979537739618502 6.154460805371568 4.677883690822119 3.560528579491197 -0.028706133289179397 1.1751033363997536 31.317179633074225 25.60081994541342 15107.583366015644 0.4308944081762087 0.08451712825249909 0.996430553031492 2.72265672768517 0.0
0.5267276878533255 0.059067232510703054 1.829180060147867 0.9334442430175065 -0.5638562984758704 34.13491291353666 0.5412265351045661 -0.06634176362645958 6.136746968992523 3.0182386693838925 0.9044468218189599 3.048506971187797 2.5529281331505063 2.03099670883356 -0.08311029527702547 1.8724035803894261 96.57381496986186 52.26831125796781 14286.59871347116 0.36689896522618454 -0.687012594195335 0.7731441655156652 2.030996708846394 -0.0
0.4079318322484177 0.12255893790743395 0.887117731138222 0.535709122155013 0.7518809889343291 30.28132639869529 0.7399385326266519 0.6313317075946716 5.936274334655153 0.5708009147884607 2.1700477433380225 1.6934049871125856 2.9757918719467713 5.554973166307112 0.05629763587718681 3.8972039131836906 57.14442796936179 42.28336417943897 5860.382656636594 1.005449011613748 0.8974519865915767 0.6236038757192703 0.7282121408093835 0.0
0.2450375575147619 0.1800991269751246 1.5849223322102008 0.8951199778938385 -0.27350237270853384 40.67261773454367 0.4757897927753732 -1.154551215631787 2.552213087551606 1.6027367052846184 2.4559740146045748 3.814244422340902 3.439544350466971 2.939659674324728 -0.052685835427088296 1.258520588149759 105.1355578914706 50.02242530250605 11982.433600810513 0.46209608255576634 -0.15436518868542515 0.988109333924326 2.939659674335212 -0.0
0.11447740221264802 0.16654338243197978 1.8433201498767784 0.8233239838449409 -0.2714277472445823 11.359704050579161 0.6107960819213809 0.4330175108686793 0.6153670285366111 0.0256234287545826 2.7940884958211174 2.000137749443291 5.511022428268798 1.9928084178974035 -0.004461471930740757 5.514410933779819 32.29927542364859 19.72827087766411 14421.941661981282 0.6035534424880163 0.15947659932275654 0.9873105354044592 1.99280841788112 0.0
0.1841297805595922 0.09344479707604682 1.200086038240825 0.8171368275342064 -0.6432671769683761 7.497882860100772 0.9894438728165151 -0.2176006382433679 5.683872728564135 1.9013960940065269 1.8486219552980971 4.406999032897863 5.549147489774537 5.771270703113457 0.04336931445667075 1.9155412635219196 16.49598739687289 16.321853655894337 8505.528114808243 0.6143698978615548 -0.894029951581163 0.6262753625532674 0.5119146040731838 3.141592653589793
0.13625369452524638 0.013368736690111403 1.253818106892805 0.9303542905732318 -0.3794629172390476 13.963601929300488 0.8023499237135158 -0.6860285894000723 4.870996504575869 2.9581454865617385 2.551240367914209 4.771402629574195 4.620592284173205 5.544852939145788 0.08556744851124001 2.048359662842397 31.47141886570074 25.25109052605109 8977.810260388333 0.37541840401111604 -0.5581659419644088 0.8482279117971419 0.7383323680429696 3.141592653589793
0.3057247459466007 0.30243453099827317 1.7698628462687085 0.4742030248313518 0.980003785232097 6.612167378593373 0.9240451706959021 0.9014221528459757 2.061522497632732 2.9713046961062686 4.801781642798636 3.181462286915101 0.3337816096285292 2.0048326929874887 0.03131729785914239 3.3668005001117964 18.314796755275744 16.923699493989528 13721.06841919527 1.0767377421557616 0.4560486595823928 0.8977996879936462 2.004832693064454 0.0
0.42396638678898513 0.22804769267782005 1.8606646291100561 -0.5455026250040699 0.3967012887258679 34.731863985920896 0.9032331167978671 0.5892226271097233 0.702729075427293 0.624666350162889 3.993577271457834 4.103533531330328 2.7083534099137063 4.163411013225971 0.013803999647315116 3.0208493334565105 99.35621480758532 89.74182357389368 14588.229235364857 2.147785037654997 0.5482926633645049 0.8534156821273042 2.1197742939673647 0.0
0.2281488978338075 0.33818468978572497 0.8127066770985584 0.6208773483039877 -0.4893620686515931 7.901914709939457 0.3799991953391149 -0.1234543212097028 3.8000168794329805 1.4875371444235346 4.592202188796652 0.8965936729171673 6.275613860756359 1.741175582530686 -0.04947558468799669 1.736752725160161 14.323853556570572 5.443052825652137 5262.39111622389 0.9009349205256265 -0.885206184123092 0.633129919045409 1.741175582690928 0.0
0.12749792565082838 0.16332143240120373 1.3200729667058755 0.5735912799842706 -0.12146652636579262 6.243106179358578 0.4412679237902425 1.026137967841922 5.712509177944352 1.0282382456148573 4.541496958227921 3.8458047922028724 5.4976509089598515 0.007477385277838997 0.016689747159374074 5.413025914938386 14.48446187500424 6.391528418802044 9566.511263576995 0.959912967751673 0.5544536038288693 0.8501882331887743 0.007477385326290008 0.0
0.04991870516664379 0.10333061154686901 1.7595457496236557 0.9292695622388011 -0.07101867682722368 48.12251122438881 0.9430374219510486 0.8951333128941309 0.8954336841299206 0.39478941573948934 0.3126995464654881 0.2826812391103944 1.8025780059631673 2.5564714168203886 -0.0437007447512138 6.251772575766512 132.7962713104788 125.23185334134592 13623.079958897897 0.37836577631020374 0.30230808694873545 0.9546518587347678 2.556471416814979 3.141592653589793
0.12882110190629925 0.06388939055277242 1.4322082968834398 0.9111683439892093 0.5734050175999096 44.54304138803909 0.587848540867967 0.8771491808194866 0.9456337020508488 1.9386783601499915 0.8981863068811786 1.837738276703394 3.9280237893396803 2.1437662416637595 0.05483595149516174 1.2712265206565179 108.33795483241113 63.6863086688526 10577.782454412702 0.4246855456103114 0.7216842795507685 0.7506940751867949 2.1437662416790952 0.0
0.11823292890460259 0.18276379452980512 2.0127482122160516 0.8533752000904468 -0.6539971152543091 16.33045767374209 0.30335841194662894 -0.22070516151355185 1.2672112641931432 2.33179515700523 1.1650694204371077 5.915031544833074 1.6975353979554646 2.9746327117567595 -0.011857090607056753 5.1623950480340595 49.19955716123638 14.925099528910064 16058.701683765888 0.5483703246498164 -0.543291068137129 0.8560119828653215 2.9746327117490172 3.141592653589793
0.20289299069480965 0.22155340307186366 1.5476194159625025 0.9358279647551644 -0.26067871404001525 16.68775578771782 0.5271120641739052 0.15451898199892047 1.8422810937115368 1.571887250232093 5.912399970255045 3.891591967719673 5.900519183066263 4.1851780382983526 0.09295596572710549 4.378943550262922 42.51405065363055 22.40966899642916 11636.583746910184 0.36019541892773116 -0.39196022098163963 0.9241620300609046 2.098007268869979 3.141592653589793
0.23490437149191068 0.2246708776280994 0.1176650694563692 0.9325978279563034 -0.45674832414839456 23.484261605421878 0.7196239293356415 -0.23315512760715632 1.4262878414029503 2.322148867068813 3.583345052560196 3.6726219071471697 1.4884344604870532 0.5667916093236721 0.047654521483025125 0.07985054004343316 26.24753887835539 18.88835706303212 565.8210835342038 0.36925129387540206 -0.10617060520934002 0.9943691935739764 0.5667916093509833 0.0
0.10698460684008151 0.10510709746593332 1.4995455540757754 0.9961378922057256 -0.9354269583442383 16.369471543582545 0.9728656366603219 0.018672532518916513 0.025350481842845104 0.5500253417139664 3.667030907256677 6.022428185110876 0.15797345834055707 5.53196499874041 -0.0270265494964778 2.158510245669905 40.91623981933167 39.80600370158052 11193.437697945878 0.087915827212075 -0.9537453166736705 0.5786325181885376 0.7512203084272902 3.141592653589793
0.18002517343377675 0.302873384597651 1.7799279336320715 0.5043749553827832 -0.7380941799967976 24.89444363067192 0.5335497578432651 0.7497797963705458 3.8249328853643854 0.32910990907756854 1.638291257175196 0.5060351872511336 1.7424789454375558 2.56751678375333 -0.04269660907014259 5.619944751711431 69.20475924113387 36.924182534708436 13816.77161997681 1.0421383775860429 -0.12489734380456888 0.9922104606350667 2.567516783767341 3.141592653589793
0.20159463340255915 0.08729008709662914 1.4088840584736357 -0.021443441507691736 0.8483775520550267 19.166965854774933 0.6359194101371112 0.8552493479296958 1.7241534776005691 3.0154113357215477 5.683337809617993 3.2787462043118203 4.530402755189389 1.913242049342982 0.09783796178397228 3.5423365264451974 46.17099849687584 29.36103412957473 10365.962732846285 1.5922414120008337 -0.4101098464951573 0.9170770314459713 1.9132420493875142 -0.0
0.22440821371403474 0.25541465657956547 1.8289179734379852 0.6728803071962283 0.34294470636079266 14.130223919116967 0.8206368332797733 0.472556718301838 5.272063867174003 2.635092943677699 2.6150766042070375 0.4641314620482738 5.546481598631355 0.3331206676805822 0.01715102415750573 4.060051860471095 39.97324441349331 32.80351671140754 14284.092035177016 0.8327007849574914 -0.1501418828324052 0.9887498652782629 0.33312066764432224 0.0
0.12031831390486021 0.18304704502135535 1.5661007509141258 -0.014178264853896786 0.6630313389982146 12.644060695143509 0.8683548963289534 0.2346221424508067 2.979136951604837 1.5669391087634688 5.072914061581 0.24159927076386503 3.2039840485447515 5.921098620703129 -0.04964958279151188 2.3000698091519927 32.44593364441155 28.17458534608909 11807.717775882355 1.5849750667184512 0.07940759795806777 0.9968488730188585 0.36208668649926695 0.0
0.27860645025129577 0.34721418127908815 1.0882728232500785 0.9353234609268688 -0.37896586507969804 30.8288899435666 0.6136144439770054 1.0856566544871915 5.7090697458189 0.1794178496871678 4.432486302921162 3.0991726210576913 4.681933383306654 2.764091215521927 -0.0308692440503171 5.071564195745717 64.37913304011778 39.503965924133524 7538.641112132396 0.3616241003185123 -0.27743156813590736 0.9617620682201453 2.7640912155108954 -0.0
0.2914963134563276 0.040294000268195705 0.6551341070413942 0.7432681629427691 -0.02989248776978769 33.309859692475264 0.4000870551936278 -0.09987652424983817 5.670696138986059 2.4228543284617747 1.5590903679737136 1.2582264291642797 5.392254338123714 0.6450906933648808 0.009086003561935202 5.897504392736473 55.13228487777918 22.05771350284685 4043.9055439932413 0.7328539420160768 0.6164392922302686 0.8159421892708962 0.6450906933121309 0.0
0.2829213728331363 0.2615334187638715 1.7197385654452997 0.4994214307660656 0.8995472817115231 20.580881240484818 0.594640189417272 0.6446557734885884 2.4457956721159375 0.3144821980477835 2.278728624767056 3.1387078751076904 1.9118130679426812 3.0825546572047435 -0.0957002356121254 2.6623188847344803 55.97461642059626 33.284756510902504 13246.07212775752 1.047865496659443 0.6961714714598976 0.7673029816804964 3.082554657282712 3.141592653589793
0.1950101061924925 0.2629342698038789 1.4078269423696361 0.6728724444332949 0.9013454949553058 22.790489291755044 0.872642479035732 0.5453098501610323 6.122684343857482 0.12437971957037494 6.07808053244291 2.5130162216623084 1.2548166786801935 5.171937949883446 0.09651476598087066 2.952996319863021 54.875554146474485 47.88673960883904 10356.380390955388 0.8327114138325755 0.31440128401643924 0.9509817005646417 1.111247357309372 -0.0
0.5101139380366337 0.1506054366516733 1.277262262309523 0.8706161589049638 -0.30070335226059436 31.93264438608821 0.9684247931302895 -0.49521344658642763 2.9842861511946843 0.6209699485908562 2.1881937830515956 5.432640041933579 3.749516952935103 5.155515791492544 0.0028373216821476754 3.2850264832992524 72.71900599618873 70.42288833849935 9185.338311194095 0.514342940920658 -0.7285113612403853 0.7461663042945075 1.127669515664586 0.0
0.13039798977104447 0.1155270194772234 1.0641778585837771 0.953173809559048 0.32153020925369225 11.611134859737826 0.5512335259139045 -0.11603720638791609 3.94680607278148 3.0246206014097443 4.645020626601585 1.3468082747955998 2.889992185257078 6.040380865333885 -0.00531138166587386 2.993311139088852 23.967447490501073 13.21166058734527 7333.275640230923 0.3072336971315524 0.023615057237655612 0.999721177493793 0.24280444186112415 0.0
0.34824616096226335 0.12585204109071252 2.2187083029605663 0.9180382796343293 -0.994980169189434 10.733248878666998 0.9267066376703442 -0.8350123815525334 4.998626513058246 0.21512411681181615 2.626242830672681 2.5835536174601925 5.451791657349437 1.6536007592426416 -0.0923788689440128 6.2744032672400785 34.54719728350766 32.01511703553343 18082.862945802237 0.4076922270076107 -0.8737881931753556 0.6419265017457814 1.6536007592027713 0.0
0.3452086318386873 0.3881787719473776 2.266720911048391 0.48768960751830587 0.15900782975594652 10.531479049408599 0.8495171695783229 0.24440004985682065 0.36947775985105613 0.8347201723191278 3.4901974977218386 3.386522035151906 2.4921806920710385 5.2335366518644 -0.07119635357111087 5.991328592905145 34.4034028349711 29.226281400227496 18559.71365810069 1.0613549819416372 0.9348284288376407 0.5939564636324349 1.0496486553360742 0.0
0.06528312977271804 0.15128837796396608 1.7222305661207649 0.6197315149089994 0.2949836430556364 14.868726258534377 0.6779774491095718 0.4259906075780356 1.3847769939545493 2.589178078508436 5.036770337295873 0.8178730641654542 2.595383701259404 5.089995361494247 0.06125904038601676 2.1174104287479025 40.47610110026472 27.44188377385861 13269.623147656659 0.902395770147568 -0.1724158311364052 0.9851731752672547 1.1931899457024244 -0.0
0.08893706514752443 0.1882297074671827 0.7167806328838736 0.35161385941684536 0.9137427827989107 9.940539576632592 0.6560291879374918 0.04314223702160601 2.0941065046403335 1.8142189836918632 1.7465648223608456 0.8340520544348112 1.758623610625837 3.9208760810508068 0.07008609489889375 3.537930678128775 17.065725825578497 11.195614254918143 4512.351678582927 1.2115018385827543 0.553967138052313 0.8504442465179598 2.3623092261038843 0.0
0.05206720733354982 0.06399484678656106 1.8442934211435125 0.6176447274898117 0.5953527205843785 8.336210947219211 0.9139096062613302 -0.1485694607146973 2.197917215323734 1.0372694301489096 6.177247531355003 1.071760281367031 6.220388533017631 1.615410952735643 -0.0770616158015211 1.9293420326721455 23.71062995444013 21.669372485870483 14431.264798511342 0.9050519459607503 0.6097634948234669 0.8197834810406153 1.6154109527304015 0.0
0.18056500771696857 0.27394459379061703 1.2897665692142384 0.6422328460255178 -0.7763148193318425 13.44713762014463 0.709513238401344 0.9574425401157698 3.0026969875019875 1.3955111867737704 0.9597521079355636 0.8143230507907413 6.231642350655071 3.74159137605376 -0.0376028648550889 6.191690744792625 30.79080617423029 21.84648460166623 9296.380391947534 0.8733885986860193 -0.020509472294800546 0.9997896881453538 2.5415939311572617 -0.0
0.18678644430616423 0.18811060216389294 0.7759427591681095 0.7067104979225693 -0.9974443714169954 6.596466033028271 0.5869423801158504 0.11034074579645585 5.663393139682414 1.6346210829111412 1.355766768721957 4.78658638163742 4.17827448551225 0.17511494337780958 0.08955962621582489 6.2521932233622035 11.71494608745494 6.875998339499672 4972.041223260843 0.7859584356407305 -0.7533540423254363 0.7293985123089373 0.17511494340363387 -0.0
0.042747280886558194 0.45310702862414504 0.1425592525385287 0.5188117021387458 -0.42614697215193303 9.44759941063653 0.9807953360484142 -0.38257087177566473 3.0527970958532937 1.5469990553529058 4.934898017937815 2.497237723882947 5.0247423232857855 5.709300751319162 -0.0476388483192165 4.723532691203394 10.794442120900317 10.587138487423584 696.4751882335555 1.0253359665807555 -0.8106386149629842 0.6890357517573884 0.5738845558833362 -0.0
0.20899682790606003 0.10514912950096188 0.9800687912370287 0.1656521510945006 -0.5347826663143672 32.166369839069574 0.6903736313340015 0.16331259418311103 2.62368633131679 0.3259413709259642 0.3234968163017713 5.197614960636971 3.3873052241892463 6.26008564828801 0.03333052005117643 5.295359427158475 63.69162504572971 43.97101846838406 6625.3518391803145 1.4043770648828509 0.045596763125296744 0.9989606476883697 0.023099658866115553 0.0
0.00043603873433472896 0.19427012889937964 1.3556681557713879 0.6433269667347595 -0.7916251816269982 8.183780786070843 0.5581897504090616 0.8418842545178692 1.9464451588251348 1.8439206266766779 3.3883475875458013 0.5298268833845741 0.010786729662235647 1.9085482090762593 0.054341885545006824 5.641962936177405 19.278271791560822 10.760933719649389 9885.550430745754 0.8719603372104199 -0.9584388296095074 0.574798184267022 1.9085482090634363 0.0
0.11036945402716367 0.31186750583643486 1.1477708397304134 0.35594656957815357 -0.18847159519641193 8.461586364502375 0.9253932422284005 0.207882033958995 5.343128413790168 1.7491330215543777 4.864193174088974 1.3590694647557897 5.982580309286772 0.29546096501533925 0.04307003854786029 1.9779488799283687 18.173548451538686 16.817678924364312 8050.374556288386 1.2068695459612626 -0.9248663038884478 0.6019413594936476 0.29546096509446995 0.0
0.18156449254129445 0.2369730832851594 1.7389430041125595 0.6408149150432106 -0.3893724256323852 13.421294181995718 0.538009673352803 -0.19599715109941832 1.1328303172751326 2.190793919921477 4.408225670901286 1.9809356583515236 5.547998935184875 5.0366457547996175 -0.02987786933037806 4.473361471793253 36.760159805913766 19.777321569576504 13427.741122733092 0.8752370225476291 -0.7837721973794993 0.7082555775651672 1.2465395523638891 3.141592653589793
0.3764677254407855 0.3513699685255095 2.2248877452912534 0.5953406282849594 -0.04491862435816442 14.676043452680839 0.8731255547659179 0.45311832891833986 3.160003095063911 2.980100767887808 1.6606368298371479 2.4896973886375604 0.07146220753305696 4.524372255049231 0.04232617644598935 1.0344329700333386 47.32859267991237 41.32380373993865 18144.1344483348 0.9331067999630343 0.5155117387749578 0.870040559174161 1.7588130522119678 -0.0
0.02345294531902907 0.29056224266694114 1.5299334930313246 0.5170710844983148 0.8332943108410257 8.835343523443221 0.6775623716362927 -1.2357580092429181 3.187853987128603 0.7179530689300393 1.1050270018991317 3.50847494187896 5.903429445177606 1.146826439377168 -0.058868061502969304 2.7591045108016243 22.352831502396402 15.145437525550143 11473.213637516013 1.0273707871322433 0.0808448416650735 0.9967338353102388 1.146826439370182 0.0
0.15860584685077322 0.12917833921273278 2.276556540485735 0.8785748802543342 -0.028799362797410178 77.22547584981994 0.8113004360835675 0.31333603997389525 2.557465120629513 2.5686919029004063 1.2858257968269293 3.2988192796320175 5.532876315821061 0.5238654249752218 0.07986693888611282 1.951950599469685 253.0336379878507 205.28630084335484 18657.61990995219 0.49792625552683417 -0.22959721110581038 0.9737581428342186 0.5238654249727088 0.0
0.16323873324505536 0.0476924927473274 0.7832059317551775 0.7128976700181788 0.3081007306008265 8.94624706072697 0.9590175763590804 0.5376851795647656 1.3049136493661193 0.6518650890435032 0.5048784084928089 1.4727551467706528 4.310179385689541 1.045118729589596 -0.015588224974839832 1.3589653681300788 15.953000825635655 15.299208187455514 5029.12557418289 0.7771747047426941 0.5979537743327006 0.8264892721695127 1.045118729621935 0.0
0.12691194841966244 0.23796190889620536 1.3805611424837485 -0.19019467640726911 0.7531445730761879 13.423010346822768 0.8221289299107843 -0.7071585575821563 4.363728805892009 1.2902780647443777 4.350463295102159 5.518774939009629 3.223740987145245 5.669697440764334 -0.046855343657295136 2.4868388087947357 31.954296846803583 26.27055187271418 10109.77050858023 1.7621567655429988 0.1097377782647114 0.9939848500405806 0.6134878664416348 0.0
0.18268464508263355 0.026494603351215132 2.2695579323379986 0.775660233703712 0.7214993904217193 6.198928699190914 0.38595564456508896 0.1283573410669526 5.465089986326481 3.1366590870937467 4.7418435048327146 1.6632440485325224 0.7396529296212395 1.6456321937037413 0.0024022812489288975 3.1855315802305864 20.267756500437322 7.822455024014558 18587.94642327537 0.6830358238182478 0.12348692055502364 0.9923851741606223 1.645632193758103 0.0
0.1819556750591777 0.02188283462415622 1.650611761146773 0.30589791557064316 -0.37369317612421393 6.489346569729899 0.9356654811620889 -0.18763025492916321 0.20373234706576968 2.4821537562246045 0.612931021603898 2.0887125856769067 4.937710930247589 3.190311708082862 -0.0499481588240037 1.1778876863633962 17.200738339883536 16.09413711513032 12595.531288800663 1.25991491532276 -0.030531614106323393 0.9995339464755123 3.092873599067399 3.141592653589793
0.18796027633368115 0.5176558889123758 1.8783872581608663 0.8287512953549633 0.049657162555172815 23.45750468410085 0.5474626756343315 -0.35924642583287303 1.7530478497953974 2.5417246064945282 5.982478631220734 1.161995140484118 4.681099514416593 1.3966496044049452 0.08971424696441208 1.5089280378070349 67.51978259096472 36.9645608354979 14758.450147090303 0.5939236986920945 0.10145275893958067 0.9948580814583314 1.3966496044348566 -0.0
0.0970734058079515 0.3211375118177053 0.6593927557041768 0.8958428951172851 0.3537629931635158 34.20408274207572 0.7828355094628141 1.1167374310434592 2.7561951620007092 0.808541784406273 3.8363898374865877 1.2878422747538094 1.1915979884775714 1.6992453791502884 0.08395747552216556 3.6919004268969715 56.758007117706704 44.43218341808396 4075.9041819068675 0.460471907951803 -0.02774679762864435 0.9996150823068176 1.6992453791577389 0.0
0.03878773760631667 0.2545886291213377 0.598391203207264 0.7704561144963179 0.3331051965463313 29.805354323907615 0.973710634005426 -0.24571607677115903 5.746509710404404 2.773297368831431 4.164845137781268 1.4540938303081303 0.20820697417448925 3.8423758006878845 -0.0263609639712018 3.565585176804609 47.640616159809525 46.38817456537728 3622.9350260497445 0.6912400026090417 -0.28951227498984106 0.958383227587605 2.4408095064946993 -0.0
0.06738562476792061 0.07862944202179731 2.078856648947068 0.6220914356333019 0.8471256505260358 13.522888123063394 0.5325742848610618 1.0480606034160245 0.993301099810216 3.0430458251067423 2.4256780526477884 5.481239277193573 3.393655901905506 5.6353224893449605 -0.05364947855789668 3.0956247761871905 41.63503401066107 22.173748463393807 16704.487532030893 0.8993852057645167 0.11247735050520602 0.9936810888211511 0.6478628178263305 0.0
0.3567337888698189 0.08592239889962272 1.6337513072022412 0.9728107190673908 0.7164028897208824 6.415130569926864 0.593813043010631 -0.40961593048901157 3.0145614188160073 2.45160565673954 1.4815291504069803 1.279986880685599 3.3502335038006015 2.9754785016400813 -0.048572640416950114 6.010312637809088 16.89585852441794 10.032981164661726 12437.684125352265 0.2337237328258152 0.8552391517303943 0.6560380340344881 2.9754785016746608 -0.0
0.2937513593645384 0.06525201382952395 2.2013914300107413 0.2863851737649061 -0.030147381923395365 5.606127676935037 0.8760757406650481 -1.0604033505069361 0.6170778425753114 0.2649777670281526 4.706862076544808 4.327033092339338 1.6696026253984488 1.4993401581332908 -0.0674466859211536 5.384265732296136 17.947409100485853 15.723289720726768 17911.321166492315 1.2803444816264058 0.8807896610833362 0.6365423231113048 1.499340158118969 0.0
0.3884164139740613 0.09863700490306464 0.9493126479197669 0.7128016854734328 -0.12185056813387708 9.465983325048214 0.7904365805247104 -0.6252679371345717 4.81059710383343 1.5752790343573326 1.7813812911236486 4.740329590180863 0.2361632498724093 5.625482499722442 0.05571628059052555 2.854352078043013 18.452161020514094 14.585263060346511 6370.1322108817285 0.7773115680503416 -0.7714156706916536 0.7169244522946636 0.6577028075303831 -0.0
0.1973628564860819 0.28720586669757947 1.1828804685724168 0.997771030224795 0.6969456783455645 8.131079966600037 0.9599039503344861 0.1187882566497318 2.668967268981326 3.073394380265 1.7601429691294332 4.749136444247227 5.622603092529654 4.444450546088508 0.021287504082441372 2.9979611807282853 17.74917564749168 17.037503819207924 8355.315401345055 0.06678021142206636 0.6480942042103066 0.7972357138442434 1.838734761121938 -0.0
0.19008945461934262 0.06740805963423747 0.9536342311433705 0.616305653479582 0.6632753537705689 23.536760250858492 0.9293650172500475 1.2811850466427095 5.321627992175335 1.8451947320486382 2.2643721650852857 4.435219065686523 4.828857765588244 2.153783039766149 -0.0779454384814453 2.4735759105125354 45.982220516291775 42.734267163319 6405.870860860207 0.906753475915622 0.07598318293774986 0.997114666548762 2.1537830397455067 0.0
0.11219198212983521 0.08366046664378825 1.543798406025643 0.9252184446952804 0.17644136629238247 33.60575373297299 0.3754656747136874 0.4036943904680263 5.051854958951691 0.06174755119047612 4.961909408914985 3.600838980111523 3.3636590251258975 6.269113196503685 -0.046748860530870066 4.839105749585517 85.486262779227 32.09715733315405 11601.254743263598 0.38918542566538916 0.24100269778419675 0.9710991427022105 0.014072110692820227 0.0
0.43055173455010376 0.035944713080437916 1.0484316632342654 0.7728049031041346 -0.7221013627059987 11.140074813386576 0.7834104246865016 -0.27313606238655597 6.028668012714646 0.11965067011579716 5.893022759710344 5.1468537808676595 5.533412420756491 3.6438929411961176 -0.04697867870880493 5.778861113610511 22.819681978539617 17.877176750018627 7199.670793338764 0.6875473398159431 -0.2356598261046452 0.9723604937616523 2.639292365914565 3.141592653589793
0.31976066677171483 0.1373289583890831 1.7237516280213194 0.5439386315837725 0.49678370059358257 15.172736235126456 0.45689043183783073 0.3061072233767805 3.5057000788892103 2.895496772372119 3.2415403837040113 0.28056399039623325 1.0877690997397529 3.74524945040541 -0.028658940641541647 3.316689349966465 41.32676502196375 18.881803517345578 13284.001500604716 0.9956725827330698 -0.4461888533307734 0.9020982763695731 2.537935856672832 3.141592653589793
0.0723364977656348 0.30992013463365314 1.008804654592826 0.9726153278350975 0.25820045794528584 7.324205171164593 0.3169859215287328 -0.20708871098552303 4.544880539646099 1.9491359270542685 1.0424399779987765 6.101145163371197 4.317670863510074 0.22918613180561714 0.08765409478426064 4.989971927673486 14.712897439028279 4.663781353068112 6865.6056317928 0.23456589570914335 0.32734636976539827 0.9468989020001581 0.2291861318166581 0.0
0.3881141399337278 0.40034229175979175 1.8241532685337403 0.07537960645355837 0.22398406203811907 8.083985313284733 0.787988157224814 0.20635187787284623 3.128688157506765 0.5678232083443254 3.89041251690011 1.1171231745631638 3.2491835261373474 0.23056944066540255 0.0876058640222627 4.018525953687099 22.83041354529183 17.99009549823494 14238.533063730787 1.495345151637076 -0.8897654881305244 0.6295942418127416 0.23056944062842566 3.141592653589793
0.0292398386331036 0.03622431890270668 1.239878284863594 0.8603331297710416 -0.13727173810132035 12.413413829299808 0.7897575737000251 1.1815191429356011 2.5154659587544446 0.5451706800939231 1.9062326246600263 3.143360579567589 3.2133705615732393 6.224076074039092 0.06601117150051958 1.2137975922548778 27.804536077274072 21.958842950242783 8854.83114457447 0.5348734755006904 0.04726323722252147 0.9988833011016084 0.05910923313662981 0.0
0.07773924394553916 0.1901211195949631 0.40927657233408266 0.6538176202444891 -0.9956683699586648 12.798089752010059 0.8545331304148184 0.8405434298203642 1.8511816474780853 0.7068820860237106 0.8789176292642357 1.4460952679395678 1.6729994933643932 3.1052640970865317 0.010228295695364917 0.061999439541719 18.036048058136686 15.412400607431648 2300.2458942937924 0.8581774097188682 -0.591650600836774 0.83002121760552 3.105264097098632 3.141592653589793
0.12490949951375714 0.2114735614040526 0.34765806562110635 0.06539598751787086 0.8444368900839408 5.706216337868175 0.9646616223088105 -1.024251729783103 2.768475041935357 1.8770531240611725 1.4754019671419172 5.60987295635665 4.07713863294267 3.2390697954453933 -0.07001356289148775 3.621612072109266 7.690028471906977 7.418275341310728 1899.6371006227644 1.5053536368794664 -0.23676913580542996 0.9721008887773349 3.0441155116930108 3.141592653589793
0.03258366346368734 0.1596462058672378 1.394359208645572 0.7463010478115523 -0.35471340008218016 33.92787405872467 0.6755344441099783 0.3852970944673273 6.095563466044812 2.7011554243585256 2.482828678690072 0.755192719862528 4.1508234117037865 4.229524985157643 -0.06365725886078782 4.849169055246262 81.23551768227463 54.87739027948171 10234.437904262155 0.7283089476312521 -0.36192891492695656 0.9352155759712597 2.0536603220212437 0.0
0.060005475515271856 0.4459983245620063 2.0636675513927174 0.488388449772874 0.3447361595807844 8.614396493972281 0.8387233879282113 0.18736877614984007 3.2923218971683705 2.7601727063357324 1.356877985959315 3.924282021884927 0.20557057032329204 4.477755862862657 -0.07463332363458171 2.5022657055269444 26.39164701341407 22.135291596096106 16555.77297313827 1.0605543118790235 -0.5194070217329874 0.8681136662107496 1.8054294443136656 3.141592653589793
0.07564460847042652 0.2107038642871826 1.5347555170600509 0.9778454764671042 -0.5561009246256302 11.722121369741677 0.8666373802766955 -0.7634989256321048 3.545309361070673 2.1759241289213547 6.276020845641687 0.9081353033118464 5.231126014594021 4.917124119331865 -0.0032876560879483707 0.8224251687803505 29.712711813600237 25.75014672705493 11517.717132462065 0.2108877147069567 -0.43773341993819015 0.9057147642644962 1.366061187848059 0.0
0.2945860806880528 0.38240338201207974 1.0330455843556896 0.768378491394081 0.09168034078812744 14.046311862977744 0.8328209151404821 0.22285962722352815 1.6799854194421613 2.2281689739510893 0.2078158721197814 2.8650980621738764 3.4359802531981334 2.839690277673786 0.07837025087471858 2.5793390288559617 28.55679230950984 23.782693904682667 7069.590366549758 0.6944926673231497 -0.4935631897762518 0.8806503316205777 2.8396902776878634 -0.0
0.13203632937244525 0.11210473630912542 0.9352724025429352 0.6737074860353766 0.8408425093518891 9.632820262531656 0.9249056120073955 -1.1352289849646118 0.3355675354999142 2.4648632661001497 2.986334963222448 0.42226745757007134 0.3719492435377398 1.2837259113043817 0.06031703009542297 3.450222645553208 18.642131212733908 17.242211778435827 6254.303195641831 0.8315820305549354 0.23135133296531368 0.9733574325498855 1.283725911313085 3.141592653589793
0.1694915042075531 0.24517427190148022 1.2263179911322382 0.29032236927410504 0.44061398079948494 26.94590883958298 0.5154988791458006 -1.320711116557464 2.919809137349663 2.3597593262016034 5.676634586682324 4.306316436790235 1.1849709398704527 3.8583834786750657 0.01794354908052069 4.3145141866803725 59.99016163697281 30.92486108363489 8735.502983026825 1.2762326272294164 0.2989859477205782 0.9556356708262459 2.4248018285293047 -0.0
0.15687184216055788 0.6179174913752143 1.669984511096625 -0.1319446492409338 0.5680014159840673 16.68096048562735 0.9276103599484251 -0.7473648144149995 3.842489756069216 2.4732558826193576 1.9876823226401947 5.409105374533089 0.344208398484588 5.54322291111278 -0.07383903797787708 3.60171335597659 44.53790612683986 41.313823133667086 12777.302269051239 1.7031268527780596 -0.8590426748926662 0.6531626707959964 0.7399623961418409 -0.0
0.24597124029626974 0.18173991586878985 0.840350136349284 0.746595084291948 0.8272317950628308 7.380804597836222 0.8991920768684472 0.442237925919541 3.089081547061401 1.915379580878861 0.42086693875464637 6.05809231204716 4.393083876759614 3.863617020291642 0.031653465614433884 4.145360481746581 13.583264747995313 12.213964039403871 5482.969932091038 0.7278670822971388 0.916090059941021 0.6089262725909418 2.4195682868671367 0.0
0.07250940737340708 0.00933254364401656 0.6868379412526376 0.7530969372641754 0.16322135811492763 7.56128118719003 0.9664273554819135 -1.2235247000320137 2.8566870178331203 1.8906328809164172 5.7324167518343705 5.322358710346074 1.7890597010883027 0.1666234291682712 0.09146916429639265 5.682461153329498 12.75465599103193 12.326448459494532 4283.4276396744135 0.7180396062352209 0.7181973752285393 0.7529931301612696 0.16662342915468117 0.0
0.05581617457051825 0.39396579094720124 1.792783398983961 0.7903448869138313 0.5221801581332629 22.718656590316986 0.7255585853032096 0.4755189111038706 1.4225320901166911 1.018963166913774 1.6489065680789505 5.077932160187696 2.312843039400747 4.888614986161624 -0.07052891123143697 3.3867622711165635 63.448286972654834 46.035449335791505 13939.161199037128 0.6594246019967669 -0.08836178962781321 0.9960986364822483 1.3945703210146818 0.0
0.3828185302373104 0.459317824811049 2.2449408862869507 0.19043998636401258 -0.7863977768799195 48.33669225652186 0.8343076886831808 -0.24100938777401285 0.6785435000801145 1.0982359893019347 3.928423240445691 1.6937445005729577 2.794945718774073 2.6967993250869786 0.07409686968361837 5.675481421231514 156.84970901105763 130.86091819564498 18343.17603655879 1.3791860109928409 -0.5234222197988582 0.86611366818585 2.6967993250828597 3.141592653589793
0.019134201561494767 0.17713377266350208 1.9831280525662842 0.19726911117644055 0.21156397175002975 9.964793414814709 0.6374137031138719 -0.5996914526534254 0.11053385694505517 1.3474633914705143 3.4284905633199947 1.007257421587949 3.460794335293082 4.0312919900337105 0.09046196411623039 4.2122718661208545 29.72625477376154 18.947922135049755 15770.616977255182 1.372224818925075 -0.6783867054804389 0.7785861347489644 2.2518933171348055 3.141592653589793
0.1486694298614443 0.26372517667188955 0.8234604409063082 0.768010525618146 0.49103282484751276 10.63718052115076 0.5482017525032811 0.5340523381247735 2.5531098231003897 2.712223717547421 4.653386695639619 4.075258244777538 5.235016924087403 5.442396593574884 0.006384247165802617 5.189092313057719 19.39647788309756 10.633183167905214 5347.973597930137 0.6950674194410768 0.8443616357161456 0.6642086252596122 0.840788713563248 0.0
0.21191170397282688 0.05611388145872592 0.53709939066406 0.6701204706565087 -0.49087100197192823 10.673052079963275 0.790554848049777 -0.2040179204116887 6.254774408443243 0.22515570015281866 5.945129544283 4.165195772161008 3.6284816391732955 5.892511627588306 -0.021033554706616914 4.9902957961232755 16.405541848637327 12.96948064332374 3180.0506603272943 0.8364252470543525 -0.4632027577108664 0.8946260460379 0.3906736795804502 0.0
0.14889585796593752 0.3420733696091252 1.5895522815659704 0.457878385474337 0.9327463067026833 37.516132020661466 0.6241091218848716 -0.5911896207723926 1.8710062762876611 0.07522034671251493 0.9162862914253601 3.0708688734968645 5.1243180287465675 4.012671056083971 -0.05272584454872531 2.8256392898772487 97.14998526963406 60.63219199775952 12025.478166561283 1.0951890771934 0.2504181514397981 0.9688088846844147 2.2705142510958574 -0.0
0.25932295540338335 0.25369644946023395 1.7253831450883614 0.57705403679952 0.6243677799498354 6.886219334325357 0.5009444523821487 0.4872103480615213 5.24776740444337 0.27864894227234105 5.891338822979009 5.820401158853391 2.1933452896792054 1.270948462321812 -0.08319579480589923 3.8843180356363245 18.767586107151928 9.401518144982044 13299.426773192235 0.9556793807065319 0.9966434305893657 0.5431237126612041 1.2709484622238207 0.0
0.19348183888144826 0.04591081694926594 1.3443675658606877 0.45057850227222623 0.33397481947788893 7.636489029373395 0.8278878127562286 -0.4871817300127145 5.791388843138651 1.1053732720440772 4.490145282780656 0.20092039254542535 3.3409303614681383 0.749739235928356 -0.010972907805633092 2.0735181554877005 17.902737197513954 14.8214579407994 9784.059865208023 1.1033830837585445 -0.19506881978926785 0.9810343322542835 0.7497392358772725 3.141592653589793
0.27051749691164284 0.11055667706336587 1.8227511879294842 0.8840272252497416 0.10190437911899557 13.31985098198828 0.8988446273502437 -0.01277285972499424 2.864240646420422 1.350308404906272 1.1672967221384496 2.515658205052371 4.747075966709054 5.728160653247741 0.02190342316668703 1.4210707576795447 37.59862518245112 33.79532224100177 14225.131092100617 0.48638751796823004 0.19266808110585323 0.9814968495922654 0.55502465392212 3.141592653589793
0.14063477435702956 0.20028013018494803 1.139464949009416 0.6512153375369762 -0.6853843730942026 40.864515966776096 0.7646867197457288 0.03337924962773593 4.828760839397349 2.74670950107124 6.245104735483669 3.3891659874577815 0.7995097710443686 4.783289488108174 0.057527733134404374 5.019814966279943 87.4281995691531 66.85518314181061 7978.551499694522 0.8616115272736631 -0.9765514806752518 0.559883215188653 1.4998958190931873 0.0
0.28626713837883294 0.013150540916576758 0.9395870822958987 0.4231928920273306 0.4107936278999066 6.940426868197903 0.570554084584968 0.7280328016233594 0.18395694175796345 2.7439839861407465 6.233292306987499 1.9734873480466844 5.364383444590669 5.0258450795896445 0.08318913087837401 2.153966035694898 13.461562299176034 7.6805493546899 6289.852397026962 1.1338298856285065 -0.18738441609621886 0.9824948517591805 1.2573402274860423 3.141592653589793
0.2938219409089138 0.16573918716604522 0.5260400528638166 0.0194417670210571 -0.08347547697246219 10.074078457503198 0.3959387681598457 -0.7244708367208382 3.6526590779406107 1.3740268168790428 1.7783890975847043 4.159697845302218 3.716764790144494 0.8519159915111819 0.02839959926051311 1.4700487996403577 15.373447221842415 6.086943755386688 3101.517827638394 1.5513533347914832 -0.7235977010202717 0.7494285998756733 0.8519159916456066 -0.0
0.11150443360427484 0.1561719223174254 2.223250853110276 0.6044461147143908 -0.531232350232483 5.401704069059676 0.8732443325430835 1.0327516130363958 2.3146400594138985 1.2098646771519186 0.9081793020533332 6.1067356656741305 4.402603226711196 3.362939092734049 -0.05298483658751141 5.43652736238178 17.41104724884585 15.204098333694485 18127.90110476587 0.9217259144196904 -0.005742123009759514 0.9999835140569683 2.9202462144255494 3.141592653589793
0.2800597771935068 0.2963359550054899 2.031394295028627 0.5181701950765975 0.9740167041211983 7.894806139132953 0.4865972321158341 -0.8643516619720453 0.7503240896025014 0.6337221132720502 0.18245472791159573 5.026252195007248 4.267313450771809 4.236159247668171 0.09564832472085513 3.409574746248913 23.932270290524617 11.645376481617287 16240.4575043209 1.0260861943438462 0.5300870540963987 0.8627630584972432 2.0470260594175294 0.0
0.07252920972981028 0.07180651931109581 1.1701900171009723 0.6762856750278398 -0.09582651367978653 37.144084342416974 0.9779815937573867 -0.324206996019637 4.938286498149939 0.9226455426337464 5.520422137627933 1.6453237772771125 1.7478590679873058 3.189387778509329 0.07585645716260159 2.143266033644519 80.60972103426984 78.83482344943356 8244.846358424362 0.8280876950736615 -0.6094872582952527 0.8199416431263034 3.093797528680512 -0.0
0.22700042643776644 0.06084722001051546 1.3297844731906245 0.7828628188987294 0.42220556664715075 9.368331069263002 0.8658432498868261 -0.9290776979083571 1.611004876443489 2.9703848437812694 2.01762437122845 1.3468270062447014 2.016665333542905 6.033392266358038 -0.09586570803943549 5.192174452011474 21.826192264878262 18.898061243276903 9653.368193451759 0.6715425707194679 0.7723401309150992 0.7162796577899102 0.24979304079989872 0.0
0.3683920078136626 0.3190465737566063 1.2008736610816986 0.42846940541073125 -0.08426971531960302 7.992237325877697 0.6425353763070272 0.48005981180942536 1.553641522474741 2.5973615287989222 4.277144087908029 5.946090300817579 0.3329314090383852 5.18381642391222 0.02046424833406546 1.536216118587984 17.589904623638247 11.302135986554118 8512.4164383317 1.127998198644231 -0.1243336781044351 0.9922805204674928 1.0993688831330808 3.141592653589793
0.062301872284869705 0.23153684474516992 1.1555129692433759 0.8488069690508387 -0.4202513547016916 33.757290022534654 0.8487174502192364 0.20085400739758066 5.949890505798953 1.4107956520488658 0.46359839079089465 2.205328511544885 3.6336482709101134 1.153589407361328 0.0906447503457238 1.4691855358849264 72.76427645008347 61.75631117576248 8117.432770614305 0.5570716616122465 -0.4383188481158754 0.905466453280191 1.1535894073545654 3.141592653589793
0.27308067130668057 0.1926346685439751 1.21218420272377 0.967733932304226 -0.30529009256366807 25.654556976173467 0.7843060369660593 -0.17656955147652942 4.979574708843587 0.45632427015998744 1.4466073425208632 4.459061276127272 4.669910102454305 0.8120413637624696 -0.006160142909818561 2.9961027980912625 56.75260567056783 44.51141124098056 8611.450042900567 0.2547198180983346 -0.5333864764341993 0.861090149613227 0.8120413637772037 0.0
0.1933924986954478 0.1309656210089292 1.8298052446266369 0.7177254051633039 -0.5449447663893885 9.668291959651677 0.5365445054261605 -0.3568652795237083 4.146539483992909 1.5176786937713536 3.709933651210302 2.0669832715571865 1.260146662871149 4.746404800241095 0.07137222393356865 5.094501514443093 27.35938329400386 14.679526778246059 14292.578451816988 0.7702660963314372 -0.43321130437815636 0.9076223661031764 1.5367805068846687 -0.0
0.07996763003053584 0.06154550663911263 1.5408618837730739 0.15381530956513398 0.3745037663739434 16.42100979530989 0.7618661737819364 -0.906503680339474 4.84393496738378 0.0690101506841495 5.305261323627902 0.5917403167476009 3.83798543089061 2.891427866850108 -0.004317228482775243 1.950368587128122 41.72351788196718 31.787736925456542 11574.116100794861 1.416367944147128 0.05864156508505187 0.9982810760979385 2.8914278668450972 3.141592653589793
0.31117653969982295 0.08195619258646872 1.2727611580084888 0.6676219687855018 -0.13356747787779583 8.458942219272691 0.719847042055447 -1.102980000421085 5.976282502115993 1.6255277058232653 2.560493203445461 3.8534499048744015 6.155806326626184 1.8467037922201814 -0.041140554203721404 1.2841550882925807 19.2251553138011 13.839171185696282 9145.427013436944 0.8397862624561548 0.11319838446264471 0.9935999014298812 1.8467037921689393 0.0
0.040683774498982674 0.08689483991592682 1.6671587462289672 0.325639960882562 0.3329589351175121 7.557359727980894 0.5026888435285466 -0.7234916662166069 1.074130737527636 0.823891531583407 0.14774756016310944 4.056554135965516 5.307817666466426 3.602567591394212 0.042720263748502574 4.026361975882065 20.15667809688281 10.132537201899206 12750.761960801272 1.239107823962372 -0.5333517481220653 0.8611078067845812 2.6806177157710565 3.141592653589793
0.027600849028038246 0.3135172278128734 0.27549283799092794 0.686448701567361 0.7579864485444123 16.43080348341073 0.506472007104694 -0.8147542340304603 0.7575147538631597 1.5659734640501168 5.502947907521055 3.8565003160226587 0.5002406364799454 4.11485015782832 -0.00663609765811754 3.979856313508236 20.95737216552678 10.614322344314395 1452.1625288519435 0.8142022729366536 0.4844703673968628 0.8849217441636144 2.168335149331201 -0.0
0.16664994292200866 0.20926683495435222 2.0633531854954996 0.9469595850863819 0.6636733410702776 30.857537042277162 0.8638329231383023 -0.9442665566639464 4.116606610996254 0.27805593759192443 3.5384705979927515 0.125004546871804 1.2751368311177882 3.115878848005888 0.06619834964831728 2.920957620786133 94.52753439500512 81.65599635349368 16552.697167194867 0.3271575858651634 0.3969220294242374 0.9222552472918251 3.1158788480225486 0.0
0.10095582877916179 0.10306061986577539 2.1502606932475343 0.24261214928867486 -0.9572558790891532 10.985153898939172 0.4850551535909865 -0.08225214448352884 2.7453368754640723 0.14820345234350263 0.2491180044418636 5.803435814584431 0.4092925926772138 0.42332630080051376 0.019521967502817317 6.0892790011774265 34.60609853710297 16.785866441099294 17406.227451180665 1.3257387834963588 -0.022933560342442733 0.9997370374307035 0.42332630077514066 0.0
0.22530267181003832 0.09541235904925839 0.39610396053850355 0.986679682092102 0.3234181020279745 59.27262013808995 0.6687434878495426 -0.22535681499726504 1.5858180019920176 2.7928273794617264 3.200862307213327 4.360722382242458 2.3424371134985766 4.680300272004138 0.009672017973002142 1.2170401651102665 82.75073972628164 55.339018306683286 2213.242310996029 0.16340131708702355 0.3806010947814289 0.9284415094612506 1.60288503516857 0.0
0.24697095937442737 0.022470115649901243 1.5367124800517278 0.9760039790740676 0.9637705197514181 32.07791056137743 0.6984279113740441 0.5103242332685185 1.73259747990265 1.2292416174330985 0.6718917379707451 5.7171355922185105 5.731761876087242 5.029157750401234 -0.07490842187384555 4.25269810641931 81.37243605502925 56.83278055733204 11535.786722486026 0.21951131163442852 0.9596216513971193 0.5738298850013975 1.254027556778711 -0.0
0.0524520678484027 0.44697445880571973 1.3823838066064993 0.3311854483345776 -0.060505450817947316 11.498826441619629 0.9595282210932018 1.3596882327999107 3.9052301043599362 1.7991779856540417 5.536640859353567 2.2762938871052447 5.976658405701085 3.7588003780627353 0.08553250643838015 2.730340375166367 27.39461790949324 26.285908990224012 10126.22297675904 1.2332366786315754 -0.9552421020929635 0.5774111096716422 2.524384929061231 3.141592653589793
0.057410763080347815 0.09222422026717608 0.7346731923985136 0.8551232560098274 0.8488341059324728 13.954206585548924 0.9467884034522582 0.20459006240886557 3.358228690935704 0.09781592833922703 4.916540168378837 0.8143063454449649 1.2138071158758679 3.712832752640448 0.026281293691963026 2.5867705502457885 24.20598808514251 22.917948813116464 4650.36372834375 0.5450077828009456 0.5688171092065536 0.842538711788957 2.570352554532048 3.141592653589793
0.19642992609908133 0.15794037598247831 0.37450251610561736 0.7950293894512541 0.11447642249193976 18.740639772364215 0.9844497776051077 0.07009337762198674 5.288781445436476 0.6740709646797616 0.5151495675100862 5.776996411402739 1.9352818679765227 3.504886893017001 -0.07680483672467647 5.097096987934377 25.75905652054362 25.358497462966564 2072.1530025765187 0.651740297033469 0.4056961607186595 0.9188278740877786 2.7782984141870255 0.0
0.13417391342576437 0.1189785217712131 1.098580768541037 0.6896720088074885 0.023715858036568366 7.977348305930025 0.3235072864103234 -0.030305238151571868 3.1777330246014404 2.382593144208673 6.1658659175517805 1.4172786529845482 4.79192073490962 0.16912566074260138 -0.04586773574139744 1.5630098951197442 16.741109738778174 5.415870983089565 7626.832419525456 0.8097603220547823 0.04255503889326995 0.9990946709688271 0.16912566082463457 -0.0
0.1868667213546726 0.2216703755222574 2.2197798606829915 0.9248417492277613 0.4820475025300208 9.289863403966102 0.9434405738435658 -0.8777724515743274 6.1903363142392775 1.1845177279496746 0.8140461256958628 4.262179816128581 5.79710496300992 3.7020169764666653 -0.0018323401374900905 3.4114402571240623 29.911315096585998 28.219548279138806 18093.485679465964 0.3901770073410617 0.1281088115410567 0.9918052829565284 2.581168330718827 -0.0
0.20988345625962648 0.0233204841185989 0.6977642258296683 0.7347400017321333 0.9000627609690807 28.637580359044144 0.7799949862021843 -0.056049828338375816 1.1229372037226497 3.054921120783407 4.895586541384838 4.220821780644383 1.2931587608507538 1.9333233558343474 0.0612252989749576 3.788303862543682 48.619859447907494 37.92324659922275 4366.663942208425 0.7455130064856414 0.8921305669569237 0.6277549958884462 1.933323355839594 0.0
0.18793035826924084 0.3486352520403306 1.9419697727201202 0.8331051297825046 0.9579714755034953 8.575875643924105 0.8709096286313515 -0.3622475840999459 0.9295874023687473 1.6168745285952286 4.002902282977606 5.854678968106682 4.0314530011581935 1.6977660092510787 0.08563890059772547 2.7085311234394385 25.229966919031412 21.97302111983493 15371.647754392014 0.5860982508364613 0.7540925699534857 0.7288930947857821 1.6977660092069489 3.141592653589793
0.08844300970680337 0.09842858163898249 0.29671437150240343 0.3400572925610694 0.2434953364869641 22.079002412177054 0.5283162915804976 -0.025099844218259396 0.05975987748411999 2.517100933184397 4.9287863736784185 4.002211843120315 5.532881795620464 2.508667639710569 0.0990030228393865 4.672563998563572 28.63015973630622 15.12577981924258 1581.2034411233813 1.2238185066364449 0.6305883838137403 0.8076807252248852 2.5086676397446546 -0.0
0.12739905504628565 0.05816402401207706 2.145531566109547 0.8453613002907027 -0.04206105861998776 7.489463688560171 0.9972419752243535 0.5844168296849194 0.7182565900784578 1.4333515668206345 4.752845048813869 1.0853537916052938 2.7340402855406016 1.3182561513019502 0.04327531357750994 2.5252619819227116 23.55834444559726 23.49336994794309 17359.618832590873 0.563555175884572 -0.4971588492408584 0.8789411383095629 1.3182561512835036 0.0
0.2473440157465548 0.26690037482389095 0.7362661385117819 0.9309355904839682 0.22460277007314117 8.154554331048967 0.8243690593030645 1.343867372163687 5.433571001248242 2.1562867613012604 4.162283033335417 3.587916822405707 2.9191356173313623 5.882487423758204 0.023774677390284354 5.621344014230278 14.158476559654916 11.671810002647213 4662.693970366855 0.37382981736232984 0.5078425116581853 0.8737957123419924 0.4006978834629858 -0.0
0.09022556634374561 0.14785786638619056 2.2470579084767492 0.9190408171356614 -0.8888615811549805 18.490308417992424 0.5732174135092128 0.6433824434300442 1.8760441966405825 2.5303540303375467 0.7751754112979314 2.770998214301065 3.038124334184824 5.510321475784655 0.09813691962672116 1.1702961583822682 60.039102178816506 34.415458860356544 18364.207357772215 0.40515625857399 -0.8913677785288147 0.6283485760958696 0.7728638313981409 0.0
0.20879107605824865 0.06628467254536248 0.7590727423973728 0.494480372383795 -0.6225627018763189 14.189140122228139 0.4921771065103446 0.4471360342464386 3.0276981983074083 2.6774889000724746 0.9302821933555949 4.8002103847955295 3.6800587351531946 3.075126766498425 -0.06807793715307162 5.163501137567662 24.959729627068445 12.284607507131069 4839.9916900696535 1.053559427446305 -0.8154677221911307 0.685527945035957 3.0751267665854383 -0.0
0.18622403591541986 0.14101230835070452 0.4943483854861197 0.9511595378812302 0.7097562328084341 17.157870126442845 0.836135630447284 -1.248433235443399 1.5354305595252145 2.9244585865487474 2.169015392086105 5.011358728954812 3.940287238915557 2.0815117102071157 0.038682233726057114 2.9044798593584047 25.63983552183039 21.43838003861032 2878.913800117579 0.31382570928609954 0.46729315226478346 0.892790914644769 2.0815117102036536 0.0
0.4358953324880018 0.23414877641615411 1.4539059544770365 0.9036989554812898 -0.7408743259860466 11.949179620774151 0.42522406621818526 0.9301643326548183 0.309361589149594 1.7733562482376197 5.691442720556651 6.116100309774484 5.1137058491088165 1.4621697435173941 0.0553741307689139 0.30786323878565475 29.32216302253335 12.468489390754144 10775.499578770015 0.4424650450398006 -0.40749333409029453 0.9181171208789339 1.4621697436059125 -0.0
0.449907472470797 0.0924005152174289 2.1120396407681077 0.44594280970577765 0.17072369156911857 12.269384490105146 0.5756715247033092 -0.823221079853156 0.9149621001799146 0.12591098653532465 5.259829558085933 4.9972796592372974 1.1976614225007838 2.2599162340658796 -0.0786927322994314 5.527737857217138 38.18281090103261 21.980756968855577 17030.06655153594 1.1085689956846625 0.9278317318039287 0.5995707026246221 2.2599162340386707 0.0
0.10960809721641439 0.1080113917786257 1.2141113350990875 0.9534933912108371 0.7782878991642691 6.369628487065857 0.989072246691142 -1.3189008213438844 3.0175249413793463 1.7273823276349625 4.1150389747334755 4.313975925872084 1.7694390114729852 1.177271911968837 0.04828835833762912 0.33865323172882006 14.103066633582564 13.948951800512388 8628.34507601843 0.30617519410128363 0.9276197240145527 0.5997403636029585 1.1772719119536594 3.141592653589793
0.0578083233368834 0.29191205487573785 2.158282531293301 -0.14163450777302855 0.859081095819416 9.511379987830278 0.8392924610854315 -0.990803583709691 6.223405999322222 1.0803295624694333 2.27748022473902 1.875791885375145 5.529613893915632 5.032045313153046 0.0037101938699781317 3.356419603709575 30.039625264057058 25.212031017954555 17485.33002523173 1.712908700278493 0.34467354524088323 0.9411858083728769 1.251139994048686 -0.0
0.42762255903482266 0.32352100363784 2.0674848895198137 -0.6612597419800109 -0.17384313344695854 9.440400020621773 0.938458882446043 1.253364582832098 4.347589575731001 1.929050572106804 2.1431009451105507 5.397404610229804 3.3409604548553142 3.860306171937376 0.029802240020834952 6.14167526885878 28.958284414279827 27.176159228979714 16593.1292650528 2.2932931517478963 -0.6190917878877729 0.8144058240969274 2.4228791351954424 0.0
0.10004067418541454 0.03373877215957425 1.0751332149803543 0.45328166166773864 -0.9099561900521466 40.27833897398589 0.7027150610550031 -1.0329457173223382 0.9463602138603779 0.11103003230082617 4.440813142278665 0.3211504323135857 4.70551132696676 3.747741518327974 -0.07892682388689023 0.45330305559376405 83.58291904915585 58.734976062782934 7426.512967214456 1.1003528152335256 -0.6189641410357218 0.8144798903872056 2.5354437888585255 0.0
0.18701975775605295 0.15961237747592386 0.7356853300944309 0.8433535985045101 -0.06884320505712925 9.543423969217125 0.6885686710231087 -0.44693988492256187 2.1393704002208986 0.7052025521178323 1.1045094778134004 0.47301237130004475 0.8254738540398429 5.036164229255597 -0.03238962391412639 5.594898148530964 16.56438098224173 11.405713799262644 4658.197394258148 0.5673024428629179 0.37463823581408373 0.9306400653034193 1.2470210779597308 0.0
0.09770008721723542 0.12281724841495181 1.2078163277322456 0.4187661094970279 0.9253466916697841 6.665099820279078 0.9021071384284621 0.911823836553138 6.126439994930987 0.09535423117653558 6.238851207695501 3.7273566006501575 5.00514098995841 1.4666551085595916 -0.03676196077502039 3.3682638607412367 14.715316209177404 13.274791796530993 8573.180117782618 1.1387102024974851 0.1093372452293121 0.9940286357494069 1.4666551085809005 0.0
0.13806156270101821 0.2722244638072378 1.738663273297834 0.7970054848020233 0.7936947761659572 13.193413510759386 0.426410993482665 0.9274557157247071 3.791949294869026 0.46808539762515566 4.097293468205515 0.6960321375962927 4.8829423086854415 3.3254155017785823 -0.023360565458575372 2.9782917236837885 36.132317031348165 15.407217202167788 13425.092073235897 0.6484754916819118 0.27749034443237475 0.9617459685344925 2.957769805424858 0.0
0.19147193586127853 0.1276048627203601 2.029048946842171 0.6844009446224147 -0.11566529228990256 34.31931887450924 0.9777507038109199 -1.2766549427646154 3.5587416663881246 0.622122569321289 4.807052732858587 5.9481451113542665 1.9734957710032244 1.8496103840743845 -0.07906647986675759 1.184246105708388 103.95489669317286 101.64197340634122 16217.578806222815 0.8170145753099181 0.22254661774660145 0.9753385380267419 1.84961038406564 0.0
0.23595328599197282 0.0957598116396593 2.2418807092267663 0.8293436015863888 0.673064114948143 6.094743447480344 0.8569089204637712 0.39601845241442263 6.272974544762291 2.739313992146944 6.213257643357578 2.174626917285794 1.902329087501049 3.846276936052047 -0.06252473423492205 2.4906283503948514 19.758431210072764 16.931175958281138 18312.781232792855 0.5928644542928537 0.3003731236145988 0.9552261570589075 2.4369083711563615 0.0
0.08932842031901207 0.15853979598791537 0.49597773706278164 0.22768077627225902 0.21418224158596716 7.557469798454567 0.5463544146977501 -0.16379810053846472 4.852888581266236 0.34725818351227744 5.433217663370287 1.3038401979082395 6.202544581339159 3.3957671778002294 -0.06181607110404528 1.9563892940063545 11.305806567012379 6.176977329606028 2890.2687197257205 1.3411010889616626 -0.4748753530916976 0.8893497205381047 2.887418129330628 3.141592653589793
0.04657188569140188 0.22082526379731351 2.2574268562354387 0.653761389901037 -0.039296478251179386 12.365045181839301 0.7307099341763216 -1.0852098382808977 4.535714814884853 3.1302580841988736 0.8559497527653834 1.1064003738106165 2.5331247595218542 0.3698629300932477 0.021691377605140255 0.35767199343322703 40.278230253887955 29.43170297755719 18467.26690417672 0.8582517219851875 0.7068355691110491 0.7604207584957667 0.3698629300906162 3.141592653589793
0.27520502679503583 0.05879690139878029 1.5259153327664352 0.8782519385527401 -0.8110163470237758 10.50361004998382 0.49285573142879147 1.309821972166406 1.8651488242346543 2.1420194420752576 2.1469683821863574 0.4104809081062469 2.2318680357959013 4.084004470118449 0.007778138554985839 5.1960435774833655 26.531229674653755 13.076068607006734 11436.15161862326 0.4986020051170986 -0.7584181657202334 0.7259248630023504 2.199180837000442 0.0
0.04430605047926752 0.14776489034234833 0.34828358652737806 0.5242570417662858 0.8065807982532102 27.338932790721746 0.41793446622341657 -0.022786361492831027 5.77538464927695 0.7313683125023662 5.665839856596754 1.979828058647372 4.0118241372547905 3.8994654461222216 -0.00787577880451125 2.8304308815583172 36.86063435490526 15.40532954377386 1903.6207506898274 1.0189539154519873 -0.007747660352687535 0.9999699870296607 2.383719861052685 0.0
0.05035642477809363 0.12515144668183378 2.156132039324219 0.6201018948710442 -0.5983489958285986 9.950126605254527 0.8384316262932812 0.8833889838184262 3.6529715391625155 3.059857734821917 4.527467080876541 4.163860469376702 1.5104339760493621 4.042614128534319 0.017550573473910785 5.986996836280603 31.403913374176135 26.33003416228382 17464.1190382662 0.9019237486687397 0.21645219241548874 0.9766655426441034 2.2405711786471776 -0.0
0.3997723403100399 0.15255626677615133 1.6919194454885333 0.8703791691456467 0.27060212497816916 44.24250106822554 0.6321350775829723 1.0902196382053997 0.05184825286873396 2.6595614486021697 4.508219417133261 0.42038536808465393 5.302863671713156 3.348311917975242 -0.010536808112572738 2.2443084714175323 119.09724894260356 75.28554870025125 12983.62745008842 0.5148244585999646 -0.041645515338843614 0.9991329508507637 2.934873389188374 3.141592653589793
0.2958417933077219 0.17213376071916447 1.241454733761948 0.7235450631956921 0.2042701546749117 39.77828768504519 0.9322861246827095 -0.6220956408627484 5.675449719372952 1.126900385008919 1.9428246983951634 4.195588164769605 3.742774289729911 3.941856590626467 -0.09984898084095269 2.2288554319376432 89.16123123258916 83.12377873776951 8868.72305706787 0.7618720250648922 -0.2781235939895434 0.961572301517146 2.3413287165380794 0.0
0.1373496851775833 0.33432847945596744 1.6147909143168755 0.502794672123727 -0.6349989249099288 8.536083361300438 0.5115024357155465 -0.5690117902597388 3.097537335467791 1.6817992740818313 3.837987231658061 5.889678223788279 5.256266899160068 3.6578761391466954 -0.08191001381140038 1.0763610255807639 22.320073216979843 11.416771815834524 12260.573517825882 1.0439675244080724 -0.6281637421900179 0.8091079670967151 2.625309168049544 0.0
0.5159928809135423 0.2755513149135261 1.5283366343363156 0.8342728608674838 0.43808234418900077 6.702193304121841 0.33358617912436017 -0.39060186755908893 4.175828995581613 1.4609796075940715 2.606896841642262 5.223497040621848 5.620302092281455 1.8363614218912625 0.05536858498256375 2.673191460518646 16.945400861214804 5.652751527023288 11458.482358318333 0.5839836902039699 -0.06340159349791313 0.9979907921510481 1.8363614216770339 0.0
0.15026842062971996 0.11286938490850582 2.165866900210697 0.7349209944052283 0.36084775820099774 40.30708265119755 0.8297318559794227 0.8249602796779413 5.249125456968569 3.018177360926968 0.9896494758457477 1.5320185893221405 3.278126171295008 4.625754430582377 -0.02368017067887211 0.9526379128991717 127.60685880948314 105.87947579569659 17560.167339720592 0.7452461543459706 0.8068908639110628 0.6917470041222914 1.6574308765760508 0.0
0.1998372237401919 0.244573463650927 1.5813331921691818 0.9834416385082018 -0.555563298378479 9.069829315154152 0.2891496722086638 -0.15832284761004717 2.773270516322795 0.2803673958769849 5.55843998972681 1.7901315013808605 0.913738799490508 1.7453484201874687 -0.05085585785182947 2.426580234379899 23.41225145851649 6.769644834896853 11949.08327085539 0.18223205483111882 -0.6684118064274807 0.7848069228799346 1.7453484201795206 0.0
0.2637727890697136 0.22411286983366635 0.6473185199885592 0.8438780001200189 -0.9267090947608636 20.222976273767642 0.2721139359638406 0.9896472372798956 4.806446054381066 0.6735926785668735 1.1771993029976924 4.502822106163559 3.3700207356093497 5.224333564017481 -0.03186969639189881 5.928108922408069 33.31368334506666 9.06511749647913 3985.3246665988536 0.5663258073370179 -0.9802438280087735 0.5568200316900057 1.0588517430474789 0.0
0.19682561445252011 0.151023707443853 1.598634534017283 -0.017139490423347975 -0.8649575927979882 12.043098255888909 0.2318404788038576 1.0695602110385303 4.234269498823058 2.5480375262361217 5.58542815128954 5.441998079156492 3.389926777084819 4.163558228102412 -0.0671288166839758 6.199611132246189 31.295611024316226 7.255589444336759 12109.990736574764 1.5879366564847357 0.5114437508178269 0.8720387920098364 2.1196270791606677 0.0
0.21440743621316533 0.2813124150143113 1.9680498811439666 0.5484980787962707 0.807775726587991 10.78701350125719 0.9745644210761455 -0.641493523504917 3.3290231204639658 1.7019177021719278 0.8987026170546903 2.5151779873207656 5.739997526185672 2.7122700605655528 0.044911536911370564 2.435237910685138 32.01639414030476 31.202038620291805 15624.274277949995 0.9902293796571414 0.4205559223897837 0.9128621160635307 2.712270060532964 0.0
0.1748099930804853 0.07651880186593094 2.2267486545433104 0.11980046041826133 0.8201507955282861 5.744018880524399 0.8828097026452666 0.4566715723433269 0.590297360631323 1.1649452582602662 0.2151699451230442 0.472207375236916 5.899489259783381 4.260956490195941 -0.025979635250099234 2.9495264827354717 18.534505194403476 16.36244101934848 18162.591977639728 1.4507074339315083 0.6476200707065899 0.797521843510876 2.0222288169811287 3.141592653589793
0.04606978455856331 0.19308335079282768 1.4385286781467572 0.3535708902297737 0.2138740018886924 10.697581674071388 0.9129651167053543 0.2592634276004683 0.048395910336629315 2.1514906451560742 3.8545406054296865 6.043028887890704 4.520025835182027 6.1996874001033 0.04664417194067072 2.0363673572173617 26.086359699040276 23.815936427052158 10635.310087190637 1.20941049492371 -0.4535912541801661 0.8988792273428841 0.08349790708045218 0.0
0.0896741699798832 0.22396600329486815 1.3143188232346474 0.6728539349012325 0.5461185187053408 9.385696723635744 0.6815503707878432 -1.2792032179801858 5.140992038376606 2.0797060213874823 5.509569703222627 4.736831662197572 4.236149730787586 0.03931462319004884 0.05317130604981107 4.711658987537894 21.721494596681964 14.804292696434725 9515.114928992296 0.832736434593874 0.8111756193095615 0.6886464706888222 0.03931462318542292 3.141592653589793
0.15555201228544002 0.02841372813499172 1.1814063987255667 0.9266569573738531 0.07661505482423266 21.679281057565877 0.8393532268753189 0.06686626571516621 4.40779555695269 0.234269455935204 1.8847667641083365 0.23374123060444524 4.960774377508631 2.7904803088307 -0.07706309994572978 4.6092728092174475 47.29132241874417 39.694124075374035 8342.469549871537 0.38537653085809287 0.040957959551147644 0.9991613400260189 2.79048030882433 0.0
0.06029030940970718 0.14936548661430335 1.648188227190165 -0.3493334387844565 0.05770740858365312 11.176940897346713 0.31179773127924876 1.0731349680117288 3.940742726220251 0.19404373646257458 2.097829195039502 1.5422552703756083 0.14259731878790396 5.872736439771181 -0.018299685797230916 4.125260687896029 29.59864330035384 9.228789829994064 12572.82198662935 1.9276559568334504 0.7745861653975966 0.7147105395959595 0.4104488674339649 -0.0
0.2965183596521505 0.2850866602955742 2.167693271954352 0.6700814827960608 -0.10695453827596296 10.819278512426637 0.924537235888626 -0.3278994647061067 1.4746822633812735 0.673495065958382 1.2710402704916646 4.187033917308863 0.9599740054478335 1.9267646283948696 -0.08614430005423111 2.769552398220408 34.27215575121414 31.685884146172 17578.19574508076 0.8364777722311851 -0.7909965194175025 0.7031370854630452 1.9267646283397561 0.0
0.22699153996642685 0.1910859075449845 1.1879233934770939 0.8064379602381792 -0.32213861076402056 40.896205597952104 0.9825198852392277 0.272835120221571 1.819197825568947 1.0931731276653551 0.10955935806859607 1.656418797010632 5.413472390031934 3.8449884571638244 0.07811771539081405 1.3536950642890022 89.4777649322083 87.91368333265589 8399.290332231505 0.6326930898871597 -0.2463862858630243 0.9698001404770697 2.438196850000095 3.141592653589793
