a_1 a_2 dec ra psi phi_12 phase incl geocent_time mass_1 mass_2 luminosity_distance tilt_1 tilt_2 theta_jn phi_jl
0.271638265616459 0.2055386741160656 1.008399701201924 6.272598874116664 1.2761210064016844 1.4166775410606585 1.494244423987571 0.7273518124203431 -0.01859522218146976 14.825812650760831 11.106110149990387 1240.4674460578458 1.123893935104415 0.696080024981411 0.7273518123596718 3.1415926535897927
0.08915530607796482 0.2015495812448366 -1.13047159137647 6.173116095830473 2.3584645951529044 5.692261664594835 1.6347526906619825 2.91246700651369 0.05135114628879006 25.169868823224594 22.310582033493894 1937.817329239189 1.7169926672581286 -0.8078819564496225 2.912467006527593 3.1415926535897927
0.26201513470510346 0.5034532290279659 0.36361431192294585 1.3116905451476857 2.4481048204720093 2.4426785712507133 1.035253103753268 0.4980381076841551 -0.05143522468963373 70.45430145751038 30.59793555939805 3024.859593381703 0.3320422006021562 0.08178008942040378 0.498038107715193 0.0
0.2972234846530881 0.10102115997026974 -0.11168749222385374 5.949750031789792 0.7978503604420809 5.304859070623566 2.1216070837883687 6.2667957308732465 0.08994654983468273 13.420046252938285 12.680634415989154 2151.24847671745 1.2238459477274433 -0.06043842632735644 0.016389576317771368 0.0
0.3037256145584376 0.10864979251419676 -0.37259310486175534 4.143595025636978 2.194031621581181 2.035154072312036 6.146692156622425 3.033556316147041 -0.08409102819553299 57.281702059340134 39.98514616411907 4361.995021571241 1.187414780978294 -0.7584692630380081 3.033556316203457 0.0
0.0344229895602509 0.20826016037225525 1.1008700041203057 0.8295393160945287 0.1913011529744384 5.127052620852795 0.682240738571216 4.2842395101162385 0.016678374952628514 55.91185465463236 28.92241797632134 1581.7404119764599 1.2213482207184545 0.8734225737957966 1.998945797049092 -0.0
0.3821569309678289 0.28982662807269083 -0.27816885045446826 2.508285832212062 1.0521016300503738 4.516488667779559 4.301949388820041 3.795709735000208 0.08448068654405735 34.32552925013153 30.673053565274838 3045.266018377292 0.6384601303904318 0.5205794226316173 2.487475572155816 3.1415926535897927
0.1430142120165924 0.07932721462853752 -1.3556886943316948 2.551653556580648 1.3987616186756224 1.792108687077511 3.2380090852919823 2.441069102297436 -0.014659191185427497 39.46671844017436 31.711026617141822 2169.4785201343147 1.0509360543562265 0.7812982098958516 2.4410691023020283 -0.0
0.06258157355806708 0.3580115445004752 0.8301263377736087 4.895022502812165 2.3510278810054297 5.1628409198434335 0.3511541576398445 3.107891553127175 0.005915885697969678 66.16101082234674 66.11408220656476 6172.881976616333 1.2916868210340604 -0.4815280444338752 3.107891553152712 0.0
0.2274470900218427 0.30693585632809034 -1.311028715847652 3.7417614616087 2.307809771810437 6.089543491622423 3.2951513310835643 2.9471663495409066 -0.07633554483879881 36.16711418498574 34.4672237691906 4178.676615398556 0.9156724501518944 -0.2749568036349135 2.947166349554255 -0.0
0.4459112766609737 0.2942345683481079 0.925860753064714 5.057609390882268 3.1377532759675013 4.361656000875788 4.626095380874057 6.176124124004996 0.04638390915969465 70.03301225259149 33.03581033710765 5268.774723845069 1.0968907928791558 0.2317850737735924 0.10706118330687724 3.1415926535897927
0.06228382421341165 0.06786088880398594 1.2142324018747181 6.187787918569926 2.761362555909419 5.6364634367173885 4.330181350861142 0.6730410602046804 -0.09548621415036967 46.98593313985131 33.30667528937489 4283.2350092124825 0.2526649565317001 -0.04324241883510595 0.6730410602078479 0.0
0.11572706404301195 0.14261563612587133 -0.2056441559500249 2.089422144707683 0.14216098640288116 5.146169720834621 5.679182784834825 0.29220163953736683 0.09263535225433206 43.2423315611351 30.55962971757951 3009.837618215769 1.2944200035706688 0.7247324208911601 0.2922016395625377 -0.0
0.19984477919544869 0.35294065749454795 1.068251424693765 0.07458428130989313 2.8793352621514776 1.577934849974097 1.3334870826688623 0.887440381666142 -0.05202997897465831 82.10521832206821 79.06326542154639 3187.2398923413048 0.8405943943811292 -0.32901858506491005 0.8874403816571566 0.0
0.30398166690609185 0.1011040887803062 -0.8367038438991717 2.4818278276754318 0.9581386407259276 4.9610125335670165 4.1944172178886765 2.6598333917298094 0.0396658662638415 42.623098267198976 30.819722696207428 664.4765216350346 1.3627851378909281 -0.8311118192562726 2.6598333917070516 0.0
0.15231153647153328 0.4001584888130568 -0.7771890977537713 1.1918307105841108 0.7035873967912715 1.3435567990136021 0.2692798092267568 2.5552551518130393 0.058262075778977414 46.49338655163457 34.70509200571348 1583.868279395248 0.22546904631638695 -0.08871831801368897 2.555255151817419 0.0
0.02654352874685444 0.08292353950129751 -0.3911209681918832 3.0982894288977585 1.906716348698321 1.7115424636857548 6.068197332559488 5.108540023545051 -0.0677543164804415 40.682137781636406 37.53334376358971 3571.9402007306044 0.10938825856410328 -0.3294855505842992 1.1746452836301955 0.0
0.3071929198904668 0.10314266614397093 -0.4501394792494567 2.0827130942133416 0.9754582841222936 2.103621697201944 4.2721320655439845 2.7565852543649036 0.09017851261121512 67.5185530071186 50.125008963097194 5288.121955217651 1.1582999560512128 -0.6718863097463058 2.756585254344482 3.1415926535897927
0.2264678301512752 0.30104668732960915 0.3760779659936886 0.597006503278521 2.5917808121866366 1.8473491392405768 5.28688917259884 3.2237979321275967 0.03235599381300136 79.40106554051107 49.15000949159091 4337.4983750587435 1.4245919787298724 0.7176167008117744 3.059387375068066 -0.0
0.02470625780497601 0.03268298623910385 -0.7029613980879195 2.202810178962194 2.0916165753314253 1.0845126942703025 3.0940789881176567 3.6282109892111736 0.04417522750458042 53.1352240086616 48.867996711084594 4952.356900308075 1.0927541116534707 -0.5662095150142917 2.6549743179714977 0.0
0.2032679203727692 0.25053792997493485 0.64942805623127 6.024683430121424 0.4237157034063249 3.5694600015703077 1.9691922682658 5.305676274913095 0.014800648684541534 63.10976839477311 55.77953072585918 5958.441800123091 0.6086864788025874 0.0731888248193292 0.9775090322856316 -0.0
0.08246595168157568 0.25189652528389816 -1.3909030490827514 3.7974867475334415 2.3845891197362588 0.2880195841835002 3.8380245784212947 4.587083495196862 -0.01360200894476915 39.64681230716554 35.552091878615116 1120.6265140353078 0.4987593491085245 0.15323794904607674 1.6961018119728852 0.0
0.057520466800116875 0.3134976113980876 -1.1437360116813702 5.82642105614565 0.16463687545752909 4.817841046188391 3.877125137666397 5.967009891249309 0.033462226978847785 60.51490400651326 36.88892335017764 2638.5278746556505 0.8677372087068806 0.244716769848901 0.3161754159355529 3.1415926535897927
0.2774670563407873 0.003112170533353365 -0.5788200511119329 3.627392161152341 0.22964247135992985 3.9737410483840714 5.363559831250084 3.998562211350834 0.055832695579575126 54.61777731666666 52.25040587030829 5364.639234735343 0.9702434025316078 0.8666295802797781 2.284623095830537 0.0
0.4638162903840485 0.22649044849411626 -0.4680664327609123 3.2948754507145446 0.21037135332703574 6.205256728631513 3.1585295274512126 0.2502246668849704 -0.06680759876508438 55.04459098348275 45.78272215399761 7700.353403637498 1.510270960187338 -0.5136146004850836 0.2502246669767317 -0.0
0.05190533977521468 0.2293887763901309 0.4857617231139864 0.40626335999449176 1.9764325711852266 3.5023258011272764 2.3259043259438776 3.160213689436824 -0.09462111399722296 47.00540210408185 39.979441395148285 924.0050573942904 0.6175774306514029 0.19071373849034107 3.1229716177337985 0.0
0.04912483540959268 0.11599004304465893 -0.6224560950123361 4.917732198310032 3.024149810460549 2.5525927267877457 2.9595923019771404 0.19876716921786086 0.09046199748641713 68.1714079880698 41.794795208337824 2942.552991697721 0.9391656294430074 -0.5431611558768838 0.1987671692143079 3.1415926535897927
0.15278612999105168 0.13922633183466093 0.8313416285817471 0.06792720008908619 0.196514505997058 1.410454025667926 4.075496027025202 3.4606148459056287 0.03475026531872025 36.801749232621404 23.24252652766384 4408.435336185894 1.113336086365314 0.2900243179634833 2.8225704612870137 3.1415926535897927
0.2550389644230013 0.27854238664987563 -0.5996253698224728 3.5185694942067465 1.9421334864535582 2.6006611987070136 0.8727530822175714 2.4265793688268347 -0.02222023705529194 67.12356287843787 30.18487522877668 4730.195362873437 1.393608478743379 0.06264392517062704 2.4265793689193647 0.0
0.07607140093613231 0.018126885669905016 0.6948515782250345 0.6086940867729453 2.323076893276225 5.953344229400178 2.6677572419524864 0.090661274820804 0.013537762041253535 15.94990256642309 11.35784617600052 2000.221916181101 0.842617785420572 0.8347975308546269 0.09066127480794033 3.1415926535897927
0.06801743480378836 0.3649753833510563 0.3068806868034533 4.367719967938505 0.7688935901749208 2.249585769323791 5.960355919808352 2.3138213178963 0.07922770019341993 108.28578823183891 91.4414841583397 2838.6008635532976 1.837026440135756 0.5742559941657516 2.313821317869265 0.0
0.04543110862873445 0.12613941618852534 -0.8841709570241831 5.149202441613583 0.5944415351783089 3.2641677084066663 1.7240934928137357 3.69098132417442 0.04123441282839626 52.09614239533722 36.28506724093343 2191.9904095252036 0.6979009514941183 0.3760807750968511 2.592203983006089 0.0
0.5361803112402671 0.044216392733222386 0.17189303710371134 0.3439385186787237 2.197611068651542 5.023955789343695 6.013350287679653 3.336534729583771 -0.03169283991704208 21.219105527910422 18.753248162054806 3143.851813347198 0.5645895998592927 -0.7307845666964151 2.9466505776659373 -0.0
0.20354814794233544 0.16193024771181633 1.1513770218214607 0.3501082952054664 1.1249934869068734 3.302790633057493 2.2253055663784247 4.773179172044343 0.035845836270733955 35.66925723724897 31.40752974344309 412.53164211799896 0.8366928422835819 0.184809453227158 1.510006135120797 -0.0
0.3376132759601535 0.13949696971286907 0.26183738801301315 2.1580852643057367 1.7995064111067305 1.8653056817241884 3.0886571205843603 5.859364016555582 0.07645616206119141 72.87256902514184 60.69754665770417 4574.199698869077 0.04628486109993285 -0.3146936075017337 0.4238212906289273 0.0
0.6299568499791949 0.033107814301184466 -0.8395429694088813 3.742404170148777 0.2945276097837387 3.075640687202326 3.230630645570082 0.5354014990860577 -0.06257126991333335 36.703544542239975 32.982814518507446 5115.916495996632 1.0100281079095164 -0.8430598414919792 0.5354014991029858 -0.0
0.16398450700533754 0.10211046315734087 1.086729950969576 0.4391106885977841 0.6697865320641078 5.358747934472488 0.2264964178518396 0.6383237895186942 -0.013847576261903069 69.81734543423876 67.94084773085358 5901.8088524395625 0.5357191131978174 0.4327032950989264 0.6383237895174964 0.0
0.21574816384009626 0.3413544975942737 -0.05401266563174071 0.6524163382572506 0.3838937988531429 2.923557080012104 3.762884812774952 2.870431173022141 -0.034707781031231316 30.18703905260615 29.774383123342943 3719.774955666264 1.4203146528924768 0.3089156196687622 2.8704311729687277 3.1415926535897927
0.5267155764560676 0.1319706954134713 0.35213108005911165 5.148056640254486 0.47403252550878705 2.9265714399871783 4.420046610277616 0.8572695949983566 0.09904186784473304 14.29053172728007 11.81930621153028 1381.0138246986317 0.15610773946017667 0.2640181376674752 0.8572695950008828 -0.0
0.18412688103026015 0.34853207250021906 0.6292057651059579 0.3032839032850164 1.7522691291153472 2.7180096759925267 5.135171199292053 0.9971182541140462 0.08814122572125542 38.78866220480728 29.572640271017537 2418.2712965230594 0.390501309256967 -0.15141568890330992 0.9971182540957124 -0.0
0.19268160336066054 0.07053393947624254 -0.25986435333784985 3.498060152566404 0.3986193470005005 3.0485013082776584 3.8725398833652585 5.921180998084644 -0.020334525735421688 111.34908773301159 88.39167963578305 11008.011937255149 0.8617580865086854 -0.7062892733171746 0.3620043090732437 0.0
0.04843455006413802 0.23290521171086906 1.1535251392367367 0.5310950868134903 1.1671256923612112 0.7086332224752773 3.2999968083051225 6.183739916949492 -0.05173140273729093 90.47928433443212 66.35053454470113 10542.738903397443 0.7253387594598367 0.14798794225908568 0.09944539022845426 0.0
0.31668770355287146 0.1032662111055068 -0.8237048494680781 3.5851777304779624 1.3511816773496932 4.002976771194722 5.861786249198536 5.982440993965026 0.040563544162067394 61.96563187722517 46.70199665842879 5299.2365721578 1.036128297414433 0.7151929254290441 0.3007443131827876 3.1415926535897927
0.05431431929749896 0.35540566369610466 -1.0031825928633635 1.2769981090382465 1.5584042940255212 2.4421957504152108 6.062304228552944 2.7436408002008297 -0.06696714720106775 97.1802870253282 74.08921670000622 7709.048405688499 0.6576181910470289 0.2412240751920311 2.743640800194593 0.0
0.04629192171161154 0.1044293266001354 0.303932920601373 6.113444826890046 0.2864019528546207 5.807027869413151 3.62052343493917 6.183548134200477 0.04706264117901885 73.3586708792738 61.85613133390661 7196.683203232098 0.9048218921696736 -0.7444635023638341 0.09963717297040238 0.0
0.06192237262804327 0.1566221987383858 -0.06749148669092363 3.5681974955675684 0.32033377713088484 3.2025540696386248 0.0569675616851652 4.209858252635159 -0.06695616164719748 29.94347278115497 26.352131132778908 484.1134780303673 0.2880575540703936 -0.9587219844646914 2.073327054534672 3.1415926535897927
0.16239700447215968 0.2442857893840928 0.4833695635233386 0.24424653435530536 2.6871717177366583 1.7888594533172175 3.9154291280982076 1.5067713968889112 0.0982528513086602 58.62845112836524 54.51959045840647 4406.826803498308 1.3511131805161989 0.7038379493353755 1.5067713969135912 -0.0
0.20317192833726286 0.3119500284969809 -0.4072523482188283 1.955856394294548 1.5417651357722664 1.576131494734714 2.0520656574956853 2.0884311055199354 0.019721762427933748 47.64910482880883 44.39950559646545 1972.953163760265 0.7726129525406571 0.01177322316489684 2.0884311055431377 -0.0
0.07483690964228729 0.0462406011866588 -0.2467001861528384 4.7273723001663965 2.4545439775401405 4.9546829165128425 5.142507350287748 0.17008066478413453 -0.027200004586969792 58.54793518636774 50.594308985134475 2953.660349920187 0.9260967100420378 -0.3031738984758691 0.17008066479201794 0.0
0.02857119975449125 0.29962032947519257 -0.7058665650190555 3.966714650326258 2.4908329731405225 2.3113129508916153 3.9599961969526847 0.2041194544237762 -0.08624361574584655 55.87243234356553 46.607766734150495 6694.404403028648 0.8274717845481346 0.3816593205999848 0.20411945441784812 0.0
0.1926401441818862 0.09637576049036717 0.16996930686647355 0.4361299519635923 2.0106026179217342 2.0267018876860985 2.931259680942628 2.255066471884493 0.050621180540878136 71.99401338060137 65.84331430611445 5970.431348261612 0.6818399436886667 -0.5443755224376315 2.2550664718726976 3.1415926535897927
0.09160421818795424 0.4751803748996914 -0.5258830498540474 0.4073684366101013 1.0408310758278838 0.7565762468618504 0.3414006820334192 3.2177421709319867 0.09842372304125704 46.56880425663582 37.25694845379866 3694.770425548241 1.1251015939567983 0.5391594933367121 3.0654431362481365 -0.0
0.15498823850722054 0.01839263490928553 -1.085483209853338 3.118535265177844 0.5513423938186953 5.920382958104943 3.8411062918798105 3.2165836237089622 -0.06570653853408909 25.68544116623564 15.715506907460725 3882.3962020457093 0.5106382029543651 0.4372063178312981 3.066601683480032 3.1415926535897927
0.17388315717211686 0.2870726359165663 -0.3891977638152369 3.2639529228608217 0.7650494176908891 5.872850566694986 6.0825029137851905 2.4024383895156407 -0.036681221214324995 48.429369437229596 31.523822411428885 4888.790134024882 0.7797606816012584 0.004156845093878425 2.402438389527374 0.0
0.051297220121191714 0.109096296276153 0.8764851874923771 1.162797073740618 1.4651086185912308 5.0788666133135125 4.927113947041712 5.630351461797272 -0.09703309267972443 51.18744776119478 32.31619605855577 2683.3617217350024 0.5818819077940072 -0.11835232768535275 0.6528338453884921 3.1415926535897927
0.12545355360609414 0.2898593186662611 0.39448093683518104 3.3319002870798413 1.0221036602973106 6.18647311089658 5.667753854655999 0.7838020121709683 0.05216895349602521 69.27566023059518 53.3069708475396 4482.764102755783 0.4391465702366185 -0.8240097779847633 0.7838020121951563 -0.0
0.5259930687023555 0.2139518768927237 -0.1367918741070029 0.27092646516341784 1.6771924840104369 4.2084322799319365 2.8751791266245674 4.164299448432383 -0.049900327047425565 57.517599983070546 51.907708669987535 3865.9032731892717 1.4490412830269248 0.8134036015747961 2.118885858811134 0.0
0.30708106681188396 0.0823034576051215 -0.7996032154840333 2.967421123592669 1.3565337341877457 5.778528276182157 0.38430266067372815 0.3857581811034229 -0.06649368450803206 47.145611234980564 34.507106385833204 2861.9636410905027 0.8894494131061683 0.6547119462006019 0.3857581811596266 0.0
0.2133876609345006 0.12354274310896048 0.457749542053507 0.2595508600284413 1.5201616478224038 4.870180314774618 0.5984798575291714 2.9994470646094467 -0.08580965583200799 87.07648127831217 83.43552384661534 12040.952557386821 1.814157617682784 0.97534725855836 2.9994470646210387 0.0
0.2584726219376207 0.4976097838103893 0.7472327581522934 5.3864987701812375 0.7197278633694759 3.7076298720999294 2.8623396759865565 5.982403001402159 0.028864092198653324 19.688511179650604 12.377145112327046 1532.1857315988655 1.1010486852260364 -0.5989214406178014 0.3007823057876814 0.0
0.15360745595829225 0.16050217702466196 -0.4251778336833171 4.272783181470049 3.0698733206729454 4.3374453759311296 2.6104715424050298 2.157766673966287 0.0786492678871834 35.510633572173816 32.05946151570292 2011.3343130032047 0.5608523019529537 0.10230646959465688 2.1577666739467145 3.1415926535897927
0.21689865777623787 0.24471506678357216 0.5065121447099333 5.756205132422124 2.9271185776250763 3.6998492122198283 0.2692624571167689 5.590756826681477 -0.06823887234175749 14.60256488671994 9.193546812775567 684.4743202021963 0.9360550491674684 0.7413796333497641 0.692428480484796 3.1415926535897927
0.02287484737321721 0.15430501500744415 -0.8361231326364551 4.496222087539289 2.884374144430977 3.6303235215228153 5.507594127129622 0.3993204995274137 -0.036184589129014635 69.56010780659977 57.75076025217734 6150.38163182053 1.8893052355641424 -0.8226620514120696 0.3993204995221929 0.0
0.033520912854739536 0.3618091123790032 0.35760681267516475 0.8130771590431598 2.3197842785358938 6.187240266216213 5.755194246636722 0.1448227434441071 0.059612901994163775 27.65918417111886 24.873000200971738 3713.8704846999767 0.9186862628316246 0.4631370293966725 0.14482274345811574 0.0
0.13939317041505614 0.05135307858987116 1.0256157409390014 1.5660655231797924 0.7484553960831504 4.159397876743747 2.7340331833986067 2.811601225054164 0.027878727718715413 54.96911608027619 46.794879141003406 3152.0492475389024 0.9295372759635248 0.3123802931310439 2.8116012250588955 0.0
0.16775118849434684 0.025096181474818558 1.2431609998443969 4.94457338834862 0.3004947547664834 4.892498046219222 4.976221475185856 2.7526283663537043 0.08416043864324628 26.57474207338109 26.432421244122565 3566.419803015161 0.6991219848993686 0.22348502733630954 2.7526283663310678 0.0
0.1949551576427784 0.1204418360814064 -1.1425565298889135 4.048671585855224 1.953564421900788 4.506040779351874 0.8315640430285028 3.8638905669549612 0.07741213657359844 82.73741712743093 61.7239685449874 6245.2210854839 0.2581137158107349 0.6725047763142994 2.419294740225783 -0.0
0.06332077180050051 0.33701656983339856 0.30004415433518417 5.977326207706064 1.9146271903977807 2.9503691506802165 1.1072251447214732 6.074589604282856 0.09500414897139912 61.82648564543272 42.21148872227893 2380.1924076344626 0.4652227332305542 -0.2794628475687234 0.20859570288525367 3.1415926535897927
0.1104567916328064 0.3004681379329689 1.1952030668271156 3.971912433184595 0.8959046241420662 3.23801919991459 2.11788495252449 2.9480252064495 -0.08529336091352338 47.31825051868824 47.04777106204489 2934.136022590973 0.6688699530407916 -0.03228669430292419 2.9480252064617503 -0.0
0.4437162778914943 0.13033481260340454 1.0466118091732617 4.497840136538503 2.0321505992853046 5.393740781801241 3.9939259006147343 2.4138044217835235 0.022994493285095355 48.13307462734945 45.3181160131553 4271.244067856052 1.8141089890319173 -0.5152238138142881 2.4138044217119674 3.1415926535897927
0.1518214805585953 0.07230534814348359 0.3240299054624245 2.7449313138974927 0.4080204154681853 2.3094530474500363 2.8977486786186923 0.2710297509566546 -0.0111080445024411 37.378884616352245 31.90295457911321 3227.603135890813 0.4646666373334678 0.377178507603663 0.2710297509720395 -0.0
0.23445807101043906 0.022065434896929827 -0.09299562012295487 2.9542256014519017 0.2422212807154067 5.3864190369474745 6.271193385935835 6.239825999546175 0.04130992559015137 24.74643141768715 20.135147196488518 3198.099287887293 0.6973307371996833 -0.2045618354221536 0.04335930767264517 -0.0
0.12038284714649193 0.28198346935885604 0.5704404579008366 3.488538661788373 2.157981483208789 6.262264133176434 0.1714665214127575 0.11187322779458192 -0.03948826539603823 18.1425362615859 14.318603314920516 2115.721322248273 1.7828780836103022 -0.8914587267879612 0.11187322774351513 0.0
0.10212975409358596 0.11108133657460244 -0.8314869557767147 3.2551000168450166 0.5242312160866188 1.0309469306780767 2.06116154947831 3.477329641351299 0.057211062200913425 115.98619632487545 105.29127011141651 13463.988403736052 1.3091445284899237 0.9181983972111852 2.8058556658361966 0.0
0.5820632698537263 0.5333536200028794 -0.3740094349723515 0.611667166548787 1.4947161997754472 5.676493289639112 5.146525234539786 0.09151150883164047 -0.08429952948647383 41.185987471998956 23.93077781670452 715.0960772934407 0.7026197764918891 0.6524852377990512 0.09151150897115934 -0.0
0.08163899037704156 0.20666718459029185 1.2301940823679067 0.06579271105180685 3.0675273101418026 1.2478965669148163 2.8575094852782943 6.01346248374199 0.08873049274941741 78.49164141275743 61.60313215730906 3564.570124587112 0.8614306964890124 0.11807256051926387 0.26972282343164233 0.0
0.46121844779581206 0.15178830969342666 -0.9414616564169571 3.5637027696348302 1.7438238177799452 5.034517975242826 4.0915854067612525 4.820239521420238 -0.010963333695862776 55.00395997168643 34.85633151695598 2432.120089509382 1.5087419226023928 0.4879904480715704 1.4629457857907255 0.0
0.13179175032993284 0.05427678802163749 0.1650300586668778 6.1070835637067615 0.2575714113918886 1.1916350196222658 0.5746533834042267 6.1637840960668 0.07848166836456287 77.44019462055556 66.78004043179307 9263.545141861867 1.2400742203940605 -0.3589781855435848 0.119401211095556 3.1415926535897927
0.1279192030498313 0.2117007366779314 -0.5185611764300032 3.1672299136724043 1.7093987282024925 5.530047516956878 0.8182078638709938 3.5047571473212833 -0.005470950318684248 152.10629667063037 105.01981525734215 9903.379747617337 0.6785552542657715 0.7622564689750436 2.7784281598387777 3.1415926535897927
0.015682573618844415 0.26144974474282423 -1.1951844066233872 0.9110209971036904 0.7703678690936042 3.2386463125448017 1.6973898691174891 0.4538436025207543 0.06758853415989766 9.466528440079667 6.27258244912789 719.8076608172897 0.6149813490998167 -0.5049467379161104 0.4538436024950444 3.1415926535897927
0.43557544350800775 0.13550861190591654 0.7679163542701979 4.971737652475507 0.4685432470856109 0.6134638384342472 3.60501477767986 2.9928260952621537 -0.044363600426837804 110.04984140428046 47.38791157133382 4625.28374782212 0.3673758691974999 -0.36630640705378137 2.9928260953065484 -0.0
0.17771096742414147 0.058614478080675624 0.1419783996280182 0.6862031639416604 2.4807781446480184 4.593819379037539 1.8749258690255568 1.311509233490742 -0.038671196945301765 46.23903119291514 43.709597011691415 1793.7832970985285 0.9071952207236806 -0.048441525587688 1.3115092334848235 3.1415926535897927
0.10607217125855067 0.1847779563498288 -0.7467678695062363 2.5769009024527003 0.12628732787072222 1.4853000424293037 0.9139269804288174 5.739950721020694 -0.034395442619971336 8.412902189427994 7.47658794158472 1726.3241437215954 0.4234604652915046 0.7008179967798416 0.5432345861938809 0.0
0.3424482503757317 0.03125949005504915 0.8878374570634696 3.4333230970475266 2.3662486255183044 0.9659727571944158 3.706773213603195 1.3638025596772805 0.09973712168945016 103.94995940465273 54.11381219939813 1279.8925112360255 1.1695438547338424 -0.8635616264709083 1.3638025596087655 3.1415926535897927
0.13967130262094113 0.08604732144489782 1.4119702619325918 3.1692959790108834 1.0970102529403678 2.369504862543013 2.5393226249328555 5.808558451021616 -0.05552432933421341 49.75841431145358 25.17008890016584 3370.366340611385 1.6166670291315972 0.6901103035469477 0.4746268561132706 0.0
0.3307294250481032 0.15077660514045702 1.0824271123004354 5.361995968875907 2.8875799269335842 3.6221685589088297 4.430351720358226 6.102041629980213 0.09415699567859163 78.80083190938142 60.581948471541004 9218.1046572717 1.04407505866158 -0.7056578041158947 0.1811436771391488 0.0
0.1514452205315654 0.3267615016273125 0.4382105656750501 5.063320629951955 2.3083203693460623 6.2417530465108015 3.7974776574680735 4.069047767427186 0.0938598496602929 120.39258024395563 119.40695218522285 4080.1625290361712 1.1792723687207238 -0.6875738105953291 2.2141375397327403 0.0
0.2266076598037909 0.22470041407456115 0.5526432240318976 5.985371945289858 1.5822421281519916 1.75545309739426 0.21367166389610107 6.2706989724102495 0.07592777189397612 29.388290088072637 28.837173622495264 5251.275903268046 0.21450607045066972 0.24450809258673 0.01248633475985929 3.1415926535897927
0.01580075485112192 0.1196607571996186 -1.1167656827058017 2.0043022444425707 3.1036162259315403 1.8378962788136324 1.6931777414457112 0.08751648155827693 -0.009077494074274078 88.03746035231171 76.7636067189192 3931.549401064542 0.9383409194621816 0.5435850451351941 0.08751648156193319 3.1415926535897927
0.021074675305189337 0.4569684057480376 0.8323278652240145 0.2725057070104797 2.053341534190176 0.3988269096707283 1.361637647593969 6.238354898665109 0.06799418950108592 32.76875151536657 25.684641548386892 1428.570042489852 1.6714879420748463 0.09209645203729422 0.04483040851436895 0.0
0.034816347889639755 0.39076413791806863 0.014179859005320362 3.6271631306442518 2.9039163126581418 4.289615744593339 4.610706086686478 2.470864658910476 0.0484024460174804 62.494330286056744 61.728077293347766 6222.026386260382 0.7303184201559982 0.8262191822490614 2.470864658885605 0.0
0.11734080214872285 0.06862633954882913 1.3861392652839721 0.9824332367741389 1.4075907369685576 3.341077069717897 5.6527537578682745 2.8599772845018943 0.015354742913025255 27.317221195285782 23.305630766315645 2135.0336403836986 0.3244932117423421 0.49345044751777 2.8599772845136697 -0.0
0.0843503704853246 0.03950590428510319 1.223548004557166 0.8630098590936789 0.5893011330406798 5.1434072103119455 0.2831312130116556 4.365638390710878 -0.05582180957564109 12.538199318770285 10.672632729557249 1121.8276151441569 0.5517553497978455 0.6251874907131754 1.917546916460436 3.1415926535897927
0.4096109687446675 0.4167163279982049 -1.1363036937773514 3.3023719025520166 2.564093300474263 6.234196842259197 2.8316763483892613 6.131205338933497 0.09340255491282662 38.65326801817963 38.27310275459421 6214.215287648094 1.0991565871576725 0.7852003091783204 0.15197996827440116 0.0
0.4676254708147368 0.22105126361837807 0.2448688362472145 5.788121084201222 0.5732884620937333 0.2596716643849038 2.7181078532166443 2.6141969042551403 -0.04215939227259738 33.84163650092856 23.829293170055124 3074.6762552671694 0.9712950923237512 0.5961069774842379 2.6141969043423017 3.1415926535897927
0.1772590400207967 0.09629471025542433 -0.3574603071938931 3.2503711157463613 0.8035551246052786 4.1967662160312535 2.8150485800641296 2.320352196311079 0.03161923214632928 18.410624496872657 15.745663631039605 1938.0055252700995 0.9374917877987142 -0.9620573284368068 2.3203521963344658 3.1415926535897927
0.032833128012640087 0.0483766139494058 -0.7729012845060332 2.3534679010602133 2.224000341690876 5.6317685030522515 3.4090467379695677 3.4865867101311165 -0.05418249422500035 64.63695816220765 51.419953715551046 3148.209539376896 1.3908203252008455 -0.4492892343442185 2.796598597055205 0.0
0.2328717595175229 0.33827972724159217 0.35653598275551546 2.8898086511806835 1.508734943350904 5.55159152323164 2.541721004023144 0.3544242934759703 -0.08380921226361854 102.11473532208868 95.2392511817186 3896.2838979430353 1.1547001298281 -0.4847135942509018 0.3544242934754858 3.1415926535897927
0.08593195691098449 0.03538956647699743 -0.24733367766262146 2.8209831404021717 1.008600755102198 6.019818330270742 0.8388943715444507 2.4419506222427607 -0.07060450034032109 28.369699966696587 15.529280442605806 2639.292056313512 0.9453566955392436 0.04131580595749046 2.4419506222509337 3.1415926535897927
0.12874776039296504 0.31239092869507584 1.1362564556453627 1.1799092553961037 0.5078440241734892 4.234906166146431 4.2114203324713655 1.1441230392965571 -0.05359661789048623 14.842846028357075 8.099094251629905 513.5308084277854 0.8805004560822844 -0.5192477620989351 1.144123039366948 0.0
0.1823327571937985 0.45020424550460575 0.6955290602993714 0.9940325405308456 2.185126417753332 6.1002860036028705 3.8645642034220535 2.723233728846176 0.008341874428045265 21.54709897731522 16.99526914256932 2330.549964615914 0.8505816175563176 -0.7624357293352761 2.723233728780852 -0.0
0.11676484197482555 0.1966031188681605 -1.3449832369879005 3.75447165433418 0.5969341312150488 3.2759779478888005 1.3194537865985156 0.07427245524866276 -0.09886928488709153 35.264806414070264 34.2925701230025 2773.432783068157 0.4718207465961991 -0.17635738710677135 0.07427245525444999 3.1415926535897927
0.025780192414585127 0.3442787773702571 -0.709142777098854 5.0358879101144405 2.42824825650016 5.1662290738474175 5.0726401905653 4.761079525735359 0.09539195005257968 35.356729792989526 35.212644970707025 998.8205826599408 0.5431366400626733 -0.8089129472539864 1.5221057814852244 0.0
0.29972876106282165 0.17542049929078454 -0.09766714960652888 3.3370543444117984 0.8439753549234814 6.011064663169985 2.8841538531345154 2.365891445618012 -0.06401427514183802 79.92995390516559 77.57994007696833 7334.148924610557 0.9809415232036728 0.973477664852632 2.3658914455980966 3.1415926535897927
0.13119325603613816 0.057663982794619775 0.486550682807833 5.5091350548033295 1.3939799164451734 0.07533601086850339 4.246613703311219 6.171122019574902 -0.05765464533292861 63.2480753087656 59.118673044884176 6082.354396145519 0.6959716641561835 -0.3658381719769492 0.11206328759790136 0.0
0.2171944966455163 0.4262614524683243 -0.7797999567445378 3.1126731483249075 0.3540767667293596 0.4505069675522843 1.2804599110218835 1.9920592308877276 -0.01983187553286288 38.393975101833036 31.60257271441284 2166.2789365859203 0.9227832016903332 0.44281923403475454 1.9920592308315892 0.0
0.007733450144485614 0.3149980202167028 -0.7380563512743505 4.752439461754553 2.0493970286573093 4.933885430558421 4.3975026954843175 2.1505466335854693 -0.05126898719079338 30.392638701265568 29.96867852307886 1871.076055962488 0.3279718403087273 0.6888511661148989 2.150546633577617 3.1415926535897927
0.3110673072547758 0.1171353132833386 -0.8324513513922647 2.8698509304532274 0.3292908420395876 0.6339922447729044 1.5164651973082666 5.740684366863952 0.023071859788330068 17.345400821535787 14.302650398585056 2679.6189382069765 0.15692556760095172 -0.2092523481915325 0.5425009403052611 0.0
0.06647714797693415 0.2824172985851785 0.9850076459872428 5.547238960837233 1.6479840565782202 3.2568785028646925 0.6871317734378026 3.8371285747191153 -0.038557895771413775 11.025809789792302 7.542131392521611 1194.6589696963733 0.9747468655241888 -0.7704299619728137 2.446056732448373 3.1415926535897927
0.20595578342950446 0.2721726371273367 0.4160085567215234 1.2483879342773292 1.3469014131739028 4.360187230747236 5.440267815438284 3.221463762660993 0.08005728952541437 57.101710066272936 47.62481929913902 5049.95329369809 0.5809349733682998 0.8233597784912363 3.0617215444877983 0.0
0.23962930828306797 0.07745784446960258 -0.38687888539166 0.15051409060261478 2.2122113637282936 4.4568897846696265 6.131868635962915 0.21026155487036224 -0.08713987128839347 24.261310345388065 22.477042506807766 2536.3275510447893 0.35588618404155026 0.7121758577516863 0.2102615548921861 0.0
0.013671274501391578 0.04684297844489583 -1.1027290958321043 3.1006729581552746 1.7263078097977314 2.7100786224282856 0.5369076245351976 2.890496290245084 -0.03710866109945368 53.176404784585856 25.190320477180354 3269.712862823465 0.4815232921732273 0.3305324689483795 2.890496290247988 0.0
0.20804817934052328 0.1526450791100144 0.3536805860814848 0.2973824549460826 1.4794070922201523 3.868297669050509 2.640155358075352 0.3286913788207845 0.05835507373005984 73.56742084046945 73.02544862953953 6095.162952939302 0.7154502488951344 -0.5662733235547855 0.3286913788246859 -0.0
0.2711256120381059 0.3435638898558951 -0.9097798895784804 1.7763342790842431 0.3000766894862588 5.645207327092497 0.6993260875133549 2.73714880535908 -0.012566422146047085 10.801322307486386 3.3836515073506677 622.7508530893642 0.2791365026599333 -0.9607994506137276 2.737148805424158 0.0
0.13732172900229928 0.18326993566494887 -0.8226896869667939 5.0259245099199905 0.850054988618855 0.3666730968617785 4.463731413217419 6.079342827671588 0.014301384258984834 61.70874166149608 61.21562625782903 4529.225988687647 0.4533086248465139 0.7700535559841031 0.20384247949445028 0.0
0.44184234059678296 0.2269998895910377 -0.1674067550352742 2.4569054718157344 1.7316074274431998 5.3518665167622546 1.915578691511296 6.045191129145161 0.030478848744345526 66.85538238457079 32.42389298529407 4821.6628945855955 1.5332243825153429 0.30253079059032384 0.2379941781667065 0.0
0.389904504601928 0.1418128960775321 0.9646705051434916 1.6706990245656723 1.0615357991139194 1.368807147538346 5.085901425161205 5.804161943126117 -0.05993370008713705 35.96686320346735 34.13510878564803 445.31366907470334 0.3684286694587 -0.6385567492319952 0.4790233640325695 0.0
0.12112478618337548 0.15341075514049274 -0.945972149623843 3.285321203667164 1.7739684241473432 0.6788429948779691 6.137640926145426 1.4845596113894537 0.03144326326346439 155.0257700208872 144.61878060575725 8835.609396352445 0.3207016466759253 0.3219995552619899 1.4845596113874533 0.0
0.14025426197096275 0.11374511222138672 -0.6154751236814658 3.6500457667848534 2.157524228034493 5.883387848432221 3.804850027358877 3.465032867447093 0.00010732623052464584 54.984194305656956 50.046758160957815 5359.775061803322 0.6804421047267849 0.05284827646615642 2.818152439739851 3.1415926535897927
0.5186606612437221 0.21921987159893228 0.6174848273720439 3.3755071483745764 2.7106859251923043 1.3050807794523656 2.3522952294491346 3.594210604876858 0.07843930241674332 63.58865453623221 35.67175970925804 3308.110204588397 0.7125044956110094 0.08597966428778682 2.6889747023975965 0.0
0.026263631598555853 0.09628970549180388 -0.6804177788371356 0.1369308379976929 0.14662669569399595 0.2146478853423897 1.3428013303944522 0.017198421044622585 -0.045761939789959315 42.919321245845474 41.684190561441326 1620.1961825935398 0.5264032270104815 -0.5782493761919351 0.017198421042180518 3.1415926535897927
0.09904236986579464 0.4888373434121305 1.2305127971536471 1.5672119452508966 0.1604428674902287 0.8649086286836789 5.247000882537747 2.9066382567810005 -0.0014165237113552135 72.36008222868642 50.606252120980464 5065.365836312119 0.7705532382933404 -0.28318838583319506 2.906638256800301 -0.0
0.3328113168651117 0.1794047508145638 0.7022002505349358 0.3835057349909128 0.8695531922587683 4.166749043063032 4.359181857712052 2.8684641539436155 -0.03586979931518351 51.16658665442972 31.690192864131166 5298.807128802001 0.5732421808282523 -0.9778914184945644 2.8684641539822047 0.0
0.19495818764663686 0.0513499443721211 -0.9625496119247948 3.862503832723455 0.110212243404736 0.13343279405771544 1.5365301477151854 2.495071685035528 0.0860601232820507 104.63121683023691 34.073955569799054 3079.4317465234667 0.8580325246317845 0.07559549841493635 2.4950716850840067 0.0
0.12476370887196175 0.1833411177604798 -0.30164965677989314 2.791857864964812 0.4600221497527455 2.812129420840789 2.1254766074047677 2.601375528855161 -0.08691489597586773 46.80720497067091 33.418195138793 1407.2205886115967 1.160747326545008 -0.7074643102267749 2.60137552883022 3.1415926535897927
0.238435486562772 0.2422611903605951 -0.6772480419615441 0.20245835523007769 0.1377163990512071 3.8647634644408466 4.964288845031568 0.5557593697064241 0.08810721735472743 62.28470237413699 53.450586858735115 3906.587986040876 0.21715264043552168 0.14676742363236284 0.5557593697006071 0.0
0.3646564800763367 0.08191891965462778 -0.418903442855426 4.021321939121759 2.8521101100081085 0.7668810493522609 0.12366384729217306 2.939647177714045 -0.031322435661178684 55.88458349201925 49.01587679656357 6361.432955056298 0.6877085730840459 0.7588721164570141 2.93964717768352 0.0
0.0513330556770954 0.4678508336479283 0.010197548676520438 0.4252578956344911 1.221939407079033 3.3465409148164187 5.24377378364655 5.965779367252464 -0.08022711561308438 7.5096846277651395 6.817526809855452 1178.6138078802765 0.33924622232891244 -0.07743011887964549 0.3174059399233539 3.1415926535897927
0.3007414830028047 0.09256042335387804 -0.2803728895299728 0.9796463428678504 2.0401542549622467 0.8488096162771684 5.944986637703733 3.5833190708558385 0.0015343790936262205 69.26141845249546 60.10680718454935 2285.413937701333 0.4648607456552 0.4555560326947796 2.6998662363051613 0.0
0.2409014249590081 0.2323934297442189 0.9359173281368768 4.649142698563396 0.9339139711879468 2.5934737578290257 0.00605753778955936 2.5937902103351886 0.08607970703018261 34.9503743267658 22.04429530336009 1978.1329385329818 1.4916594041331863 0.2114337773654991 2.593790210259223 0.0
0.18244865396603954 0.19292500361472056 0.15036441149664376 5.85083010618809 2.4323166041950226 0.815600205428434 2.228271139286822 6.221714833457703 0.04723025224099328 9.98246237089902 6.984548064314353 537.0725710746251 1.5384880149801827 -0.3473338932288205 0.061470473769578475 0.0
0.10488294678810096 0.2638410882655352 -0.07838137181492008 0.6286332031774898 1.4963367324871764 4.077516844170704 2.728143420493873 2.8830418073531283 0.0990243422438343 102.82702936884272 79.87005117585453 8390.895417488071 0.8148913950893741 0.09564449761167518 2.88304180733734 3.1415926535897927
0.3315003039760233 0.013021113261427141 -0.407017889984189 2.505464760793401 0.8439310726576041 5.5738808995474685 5.289779927759338 0.6213881498454511 -0.02962425395542974 47.51481133981417 42.98325646961936 5522.744647247148 0.5474599982293837 0.4996571137163292 0.6213881498202557 -0.0
0.1835591603224772 0.15427627903440755 -0.12496005710219794 0.2412076215500565 2.949876525970726 0.7762246956732387 0.4562663756009386 3.0167879476172548 0.03843618046844596 46.91060298557952 30.824885997450195 2341.6691132893216 0.5523106940521606 -0.07971099126666331 3.0167879476325674 0.0
0.2092444222967816 0.1733954147214753 -0.9057333477315826 3.4744798747490164 1.1171262352610587 0.1832783004408121 5.058026040597843 3.5047131253705133 0.06682164421386899 90.27618774946478 70.47452232352894 11553.710651881782 0.7638273246229171 0.5494135033866332 2.7784721817779143 3.1415926535897927
0.16632049407935534 0.3892349402236437 -0.3946334232510394 5.238440481762742 1.096553599445066 1.4278815136594318 4.422783142618941 1.880411650930031 0.0054791633354075156 33.84891224327838 33.199961393608106 1062.3883781707502 0.7972708219649319 -0.7429091167507412 1.8804116509516493 0.0
0.1737694296152761 0.08111896772196339 0.5552574155814952 0.3673881838425402 1.2323982674795446 4.898134375424552 3.8797369557374446 5.527483575765048 -0.041324706808591016 51.284081680104435 39.01037277628802 4465.171265314676 0.6058869588296079 0.2911879311007152 0.7557017314306778 0.0
0.11018552136444057 0.23889281702272544 0.17861188553560753 5.983175213352735 2.749885382711904 2.7652371977268566 2.2613843991581226 3.571872875261312 -0.05767793952515676 27.556737492148795 20.208721769887397 2199.1351470928425 0.2015921798446052 -0.6248593415050945 2.7113124319058417 -0.0
0.03220790708396425 0.042041647930864026 -1.3650160549885693 2.503120957795113 2.6405434857425227 0.5226357530916549 1.4187664841185883 2.8062537388515323 0.0776115163192291 52.67916178035306 49.74853353918599 3611.759536227099 0.6988927032273375 -0.20153330372930767 2.806253738853316 3.1415926535897927
0.1647377547988587 0.11316750886796907 0.9501636652747468 4.888013335671177 2.5822836603999666 2.530375097308191 0.9815437557649632 4.146530353421176 -0.08778837963247095 52.4631242566804 52.11514776982394 2935.732602519561 0.3753106386553871 -0.5926681903862556 2.136654953764295 -0.0
0.11864039930659698 0.1740441990551016 -0.5344232646684933 3.4738159904476387 2.5844846787267284 0.24908571952363806 3.8700727341544217 5.829760328670405 -0.07089378288928888 132.86660475892785 131.7132384836064 15156.871779168701 0.9886381640274085 0.8124485094417251 0.4534249784901604 0.0
0.5070649405917216 0.1303790113811418 -0.18441491668590795 2.6473714271685798 1.2990313739293708 0.9867399870669518 5.5715930045907225 3.4766284646834933 -0.02426917294017464 28.87699856913264 26.294063679869428 3437.634466443786 1.9369827643007904 0.06970569046298432 2.8065568425984466 3.1415926535897927
0.05801696852869606 0.09694377631129084 1.355723398834483 1.0853342234812835 0.3647499863367297 5.589829736012535 5.7449317618972415 2.263174630955639 -0.04470457761812743 12.572143357031406 8.811274151088163 324.30870506073717 0.7597668555865049 0.2408709697363725 2.2631746309503855 0.0
0.11176038118842484 0.11046649909646243 0.8461434743362133 0.28847822979588084 3.0789373222641165 0.7596811952746677 0.2816112000533372 3.9957202199852437 -0.09136663622359918 67.7989187870855 58.545245273468474 7592.620189938391 0.03582207607490366 0.12346228648200075 2.28746508719608 -0.0
0.08254058188266933 0.005796111608553408 -0.5358951168988766 3.696723267547703 0.1156048110414948 2.699202936692119 1.4517806938460576 3.8933353357238465 0.08766540691927667 80.51270181206178 62.932218163216106 7738.278649724359 0.5758674657366488 0.054523121331139096 2.3898499714498502 -0.0
0.26109422360505424 0.10740257089926496 0.2071224836807844 5.902469519847238 2.3881931255244595 4.929973539301738 1.183797024227634 3.1030024686727513 0.08496815365923402 76.00242573987634 71.78162263856663 9107.228285523952 1.1274316596183922 -0.7351078444760097 3.103002468640862 3.1415926535897927
0.05826308626027426 0.13557223997052786 -0.6805203058625086 1.7922231757561256 2.8577097410687795 0.7440744575275364 4.714258071364865 5.3937659960918864 -0.023159331580988558 33.26475784217258 13.292415930821807 1666.5221828072076 0.31937591056976594 -0.33643224704042995 0.8894193110954286 3.1415926535897927
0.12455219633650373 0.2657072679289232 0.6071678181586904 5.403203030549563 2.3909988555439328 4.138654685036944 3.8253642777146233 6.032302229227702 -0.06562996026428365 45.78409437300848 44.965974098778545 2280.627748678305 2.0298951284761504 0.8718927211160357 0.2508830779891982 0.0
0.17088564968773795 0.12537703216721302 -0.7981222491640165 3.601965683119153 1.228945015052503 3.682870995892269 2.899505991019189 2.586039143820445 -0.08424442462982469 39.68481137041327 39.60565753463332 2822.966681377574 0.08237185762017978 -0.5295532735620347 2.586039143829082 -0.0
0.11371616918814866 0.11891594552552814 -1.012589796921869 2.8656676845017404 0.7434579616939025 4.8900039539291384 4.28733881292365 1.1808047934786166 -0.017050938227739367 51.6991002838795 37.347951186452896 3353.8174224104914 0.1869333470994161 0.7655985492841813 1.1808047934862722 -0.0
0.08932507640516739 0.2636563005230227 -0.15260767807824505 4.780015303902887 2.1500086538090364 2.125356949457246 2.677066419687504 6.069086259874368 0.04456302044718236 50.519005498369005 34.345063026671355 2342.530191552946 0.5021699967476668 0.4685952526023729 0.2140990472888652 0.0
0.14273129006403934 0.08324307903149594 -0.4561876140173589 1.7219254660236547 1.017511787082799 3.147228277930342 2.8389086703449236 3.2678253888218327 -0.09964485792582814 60.318160614278185 60.049572108340655 4438.482279002995 0.3495802603017599 0.3712737712732908 3.015359918356891 0.0
0.19101860721181435 0.1480965602803918 -0.2864187208567845 3.350332744080578 1.3993000009089729 0.13173718346986682 4.658957302741468 0.8358067561868391 -0.06750816810835639 52.58854795061009 39.17173677788808 4914.686618284271 1.1253684468930647 -0.5820671262896617 0.835806756165245 -0.0
0.4176526563107802 0.24585021318275144 0.6602696262139376 0.9047867763349984 3.1111644428573544 2.043397865638978 4.847574484045535 3.8058240598268185 0.02687327960793362 46.98169647368738 20.435427040017334 3186.5077747264095 1.288691904971112 -0.23697169784235264 2.477361247182346 3.1415926535897927
0.2644451625748608 0.19126412842667456 1.3187140420733845 5.012972585270454 2.7109858081814764 5.764053503436439 2.780396776554505 1.8449685478789823 -0.014760261912907316 44.44457719239379 27.51277402309848 2400.878026729068 1.0114132866309666 -0.3683982679575028 1.8449685478487905 3.1415926535897927
0.29723618105649696 0.4204021947613394 0.8477366862640514 0.08764058877782682 2.1855521429114244 3.243289175072689 1.1433370062286494 5.77010925500938 -0.06569338868302739 21.672716108733372 12.988327959578175 2328.604499316376 1.2539245083953523 -0.06766413040994801 0.5130760521089796 -0.0
0.35350946057212057 0.41756505225271306 0.8598261412408714 6.0629626151901626 0.05401085743256508 1.1715075927276877 0.75058567502233 3.0527217004992715 -0.057577730347837836 41.716645942092256 39.34793744674241 3222.81796418671 1.2300507257817053 0.11799113552131503 3.052721700447583 3.1415926535897927
0.18538758675455805 0.22679393527251895 -0.5820138005236241 0.4458040162643615 2.217155960635961 3.028589379660953 1.4319980370840326 6.075700710227177 -0.03648341213603538 16.149980427341937 15.021707563385716 933.7440005042737 0.20734202643303465 0.5538020292076576 0.20748459696708216 -0.0
0.35045542219910897 0.12928176483630133 1.2738014305320389 5.8626652763645435 1.4496247631638564 3.7133578403798735 1.3978489171200363 2.9846233246757747 -0.05803197870031036 84.30253006443169 58.2242540791197 7343.891618674409 0.8908639317017325 -0.2491361229712807 2.9846233246458036 0.0
0.199639977846316 0.2754126030662839 1.313103410972345 0.8534866365971324 1.6354354686479262 3.041279561143724 5.229978892883519 2.4601017682414734 0.060653695031691324 55.16137182895496 31.484341580591483 4575.2679336835245 0.3101250127080859 -0.873959982519525 2.460101768275623 0.0
0.3001105263183139 0.13279619208833265 -0.6875890426446416 3.2700380367391264 0.863810208927991 4.571196761871677 3.4404864157458395 0.2540311081379657 -0.05440071113607268 8.42771036323095 4.969797350622958 349.417325124694 0.9130005968821374 0.3341269358383987 0.25403110816622976 -0.0
0.059285369609099366 0.07933652098385885 -0.4367641221403567 3.010751238914429 2.8733879145343963 5.80419939262383 0.17700589810503198 5.701350643137572 0.06268895745073477 58.38260292170786 55.60346591650546 5578.994880452912 0.5189295409703314 -0.12887232353447164 0.5818346640428471 -0.0
0.2332513695429481 0.28952845537636074 0.4165526612953207 6.083392120724728 1.2444652801430087 0.8177363873624605 2.048325396484708 2.9932027352107298 -0.05520873827379922 87.49248251179655 87.08861199047523 12881.954748721673 1.5600075996438223 -0.25418709605167256 2.9932027352339174 -0.0
0.2396797883285099 0.2949960723380676 -0.329911872596556 4.626162622538665 1.0641423329647322 0.141875556550793 2.9610349066720785 4.064097811218798 -0.09024579276371153 55.07664773403565 49.26749305439362 3400.5782840022052 0.8381240227984527 -0.16437604748440626 2.2190874959215408 0.0
0.08876591694290588 0.1714689113307597 -0.9115770659807629 1.2490598207246204 1.5778810726473491 4.869003503813662 1.8159791868453543 0.8092579851951139 0.049349025569994785 57.05049598650795 41.25561680384735 3260.2337210870533 0.6798112305789606 -0.04661044033801792 0.8092579852038875 0.0
0.1293886615829367 0.3243427914851927 -0.8853193456596724 3.4827493685107567 1.34868838294671 1.529519705149051 4.116541661243123 0.25532551205960685 0.04966756235317296 53.07485961049407 51.15722915964453 5287.425466215326 0.3908103179925539 0.5377078025064723 0.2553255120762159 -0.0
0.16247874918929206 0.4250403285433424 0.1639449479147504 5.637756239390915 1.0243827641731054 4.874073915652911 6.217890522877452 5.704434762791793 0.046933407690024236 28.225781159901786 20.590454236338736 1352.4928438661384 0.4415882736586055 -0.16687923702896074 0.5787505443959579 -0.0
0.032850714796836905 0.24149806477089286 0.554542137703227 3.3612624159530875 0.8394730227082413 1.8498649067225468 3.627431090088849 5.3440110101836416 -0.02200564943878713 49.74018953919989 33.980209639497 2594.9519689437648 0.4734452117718414 -0.3878105983805146 0.9391742969899544 0.0
0.15391966539873528 0.06357237882457893 -0.17187773917924834 4.3493285970226525 0.7167185476045982 6.218252221369284 4.359249314993659 3.5692412707574888 0.027524949896403472 46.17820382697775 37.06795796473755 1955.5982139088426 1.463932077280919 0.1840868586474016 2.7139440363991567 3.1415926535897927
0.030023102336028545 0.16385902273289768 -0.3609112699313389 6.223410186420495 2.535527005729308 1.0313761730018205 3.4996799848320066 2.5313043482750546 0.012040803729087779 55.98379525842822 26.512505079046715 2655.2906831442497 0.5824940652122109 -0.6397834201134203 2.5313043482655684 3.1415926535897927
0.3139551898970512 0.0778070431179892 -0.3182302331418457 3.9051918110640935 1.1340110511904529 3.0650209236758745 4.982043434878733 2.20349062897177 -0.045321110550719725 54.60810782992653 54.441688324354324 2687.0158886464105 0.6360894087574713 0.0009247524074671998 2.203490628941941 0.0
0.2884743911116832 0.14314686857435555 0.3374506440690048 5.0518670798868515 1.441509447210107 2.7663561931567897 5.6280523990520255 5.679406204385862 -0.0012855749373524015 77.82952127560368 64.69408614884972 5107.720113661218 0.9801787500348836 0.8857513728631317 0.6037791028019325 0.0
0.6835753549201554 0.10740958245618387 -0.8692260337650973 4.717135718205657 1.3285335835789915 4.8555810176985705 5.337539406020533 2.686646727393964 0.0925833991368113 37.12934522394842 19.535528888459737 2933.322819079884 0.8676024045838021 0.7946264648394741 2.686646727362776 -0.0
0.1977768759820717 0.16473668996118454 -0.4086208688343864 0.6298647487082073 1.3271120163482435 3.25338117427792 1.3570007202392036 6.173933760343091 0.04196195599550029 55.535454233455475 30.613018203723666 4509.464885448753 0.6685519616166109 0.4818353758567605 0.10925154680686047 0.0
0.2681528264019423 0.2412653624937902 0.4516123966070317 4.193417366382255 2.9544155153135354 5.970824427734157 0.1834397427649896 0.018123763159566937 -0.028227899126024775 53.80450869333782 39.21016385320416 1559.3239849443357 0.25049024383862456 -0.2344517235163636 0.01812376315024711 0.0
0.4749006932888243 0.2671803003835531 -0.4745863032528242 2.5543989423469804 2.9825837521357346 4.3654387665847985 4.604094785688996 3.8387599359318663 -0.08239905654725807 54.57553451103949 51.54967084030448 5073.5731447066055 0.32836680111212624 0.05118132164261935 2.4444253712283173 3.1415926535897927
0.05877511540935665 0.3080217338597457 -0.5590113715266746 3.5564410234998203 3.007107110548608 5.793759551756005 3.3398081384533653 3.9556928917611143 -0.029717814218400883 63.48336146492391 31.292155662278105 1822.5897706940962 0.7250610689303396 0.657303317259582 2.32749241542245 0.0
0.21031345220737926 0.1893892858364664 0.8807036940170383 5.766399700744807 0.6489024765136661 2.5828504056156696 2.081113892364201 2.8161329641919544 0.04237184312658007 98.87598955947651 90.15402645680928 10798.868734170825 0.9982666913285048 -0.7153011308891257 2.816132964193065 0.0
0.201768682464508 0.30544560172546337 -0.7043107540698543 1.1256114102132406 0.9599407065434816 0.4571274771444222 2.850949704449192 0.06096283956176594 -0.04734125245949872 152.0030862510834 151.50822751461897 9396.776899820616 1.066694259519169 0.6044929954206042 0.0609628395801507 -0.0
0.09875596392194544 0.3911095063712372 0.9629497131232648 5.939217535106789 2.6164777461453537 5.512960725992729 5.530090056697679 0.6393710709102796 -0.03206371660632752 60.87201200413004 43.88590037499155 5191.243700632675 0.646899847965671 0.2763727989143464 0.6393710708896106 0.0
0.11120480109607588 0.30399397865214545 -0.17429909299174182 3.3543178379707177 0.2375301620586173 2.8297977990252674 4.470704496497484 5.240711028246456 0.028543529331288342 65.16935748265483 59.28449697812787 4308.180309503611 1.5696260641606927 -0.962525091340618 1.0424742788941477 3.1415926535897927
0.4188246414435354 0.19108739011892548 0.14265424504250646 3.760761798993884 1.517767972768924 1.8799535120395208 5.0416997771807965 2.6562991373655733 -0.0616465566417332 16.30731434348807 15.26334449234005 2162.656612351947 0.45820640245315297 0.8210024124550177 2.6562991373723164 0.0
0.10780847686762077 0.22410129333199266 0.7088540370523071 0.7422936636862151 2.8642849743073118 5.215001911830706 2.582037514958116 3.3774178467413147 0.0470550222929596 189.10795467325138 155.9802061415021 15189.460847704775 2.117314631033947 -0.9442034031932316 2.9057674604182453 0.0
0.040330452286576016 0.5039341305003876 -0.3888083800512045 3.584614259014577 0.9163344191377096 2.839730415587214 3.2704808404917385 3.419244633529116 -0.02830007293643466 92.23934404554993 68.76762745128597 8324.229388006885 0.4568247746923099 -0.8412910567506997 2.8639406736665043 0.0
0.16726214753786756 0.14853748736974315 0.5353196273298251 0.7657154251073576 0.5313032172463148 2.8651295867999065 2.1678595688500653 0.2016624947791252 -0.04031298684599652 57.5631981970855 47.66349366532259 7241.782400174859 0.6394810749307561 0.5747858313798138 0.2016624947966422 3.1415926535897927
0.11349794615021032 0.5262794562138955 0.4301885555149599 0.22375361279451608 1.7058583573091122 5.635068852030129 0.9418888289955768 0.08503041748180827 0.09779527014430996 74.50329944125296 55.74935927234465 7869.099805864009 1.3534061370027508 -0.17449422404817105 0.08503041745925369 3.1415926535897927
0.3961834151777184 0.23317040236097197 -1.039668945059533 2.2443154188780765 2.154447812873939 3.3285360501720582 4.1577987794433335 6.272264204856124 -0.08609361677277999 182.3844467484477 139.41200810996193 12568.917328822354 0.8488901468228991 0.22393126400218846 0.010921102299620086 0.0
0.26982516662440914 0.26604252145319346 0.25112372404500777 4.308303419732101 2.0120926991737 0.6042536889979181 0.7810865270820664 6.0659039805866035 -0.05209117232595265 38.12751476590813 18.358232825634524 1158.7681725509171 0.7970741566540039 0.3580000930461788 0.21728132651667814 3.1415926535897927
0.16481660618016844 0.25313911068996897 -0.2912511540214563 2.5116791203789886 1.264645014858072 3.6546176916351696 4.398589141219695 3.5287551123556717 -0.03442318915617762 60.07996908063877 46.329696586948884 5696.585968376218 0.780774490644823 0.8139011612520682 2.7544301948291645 0.0
0.1592375136312178 0.1512229103478555 0.5660576134765638 1.5673443601839667 0.9805432612362976 0.022786647059843356 1.154777503549886 0.6613337287731823 -0.040131941042877615 35.1332804598822 28.95551554631412 1003.346355967968 1.4233119535293857 0.8243319588545839 0.661333728745985 0.0
0.1358578418758435 0.2465059818411585 -0.24341723174205274 0.008231220066682407 1.9576191871979227 2.3939458268769434 2.1503757540053066 3.815366715780984 0.017129149607236438 52.012154412134784 51.271689611919356 3974.047918210227 1.5899294011340777 -0.1728889892715796 2.467818591413398 0.0
0.2377677697537415 0.1911751260757936 -1.3481388589237462 4.874433306024696 0.06171389444170604 3.223930520933548 4.647054501574088 3.2524088683140553 0.09092970566865066 55.724186865486146 36.843548309509536 4175.999716894442 0.18246506217851136 -0.508858927918581 3.0307764388772487 3.1415926535897927
0.008549639797664627 0.07691061198280377 0.3623784208755007 1.0888351677752204 0.8097849940176883 4.765882579326585 0.8470608455737376 6.161760238519827 0.097809513205937 20.03126712159516 19.84505602511769 750.8814503006662 0.565253288533982 0.1577795829963483 0.1214250686606366 -0.0
0.14092969908611225 0.16606066927212546 -0.6993799518710094 4.608403469028204 0.9484169416047906 0.04745940388198301 0.9508563478087196 5.524292950294316 0.05337503316749481 70.01996418832607 66.46094678905311 5286.900690574314 0.18695012971660668 0.10275253001371734 0.7588923568906351 -0.0
0.054862119740966296 0.08900326157877045 0.8135163341785407 0.8756401623152793 0.42123100710618505 5.0214842464198135 4.425762068166738 6.142798659630003 -0.028977360025037632 57.20707563479211 53.50442137280991 2940.3771171146977 0.7746053342965855 0.5665587963890591 0.14038664754269228 0.0
0.3700804736888252 0.2148409438140045 0.6781015812125475 1.3986133853156215 2.4010255504765303 0.3600794327221576 4.570255025605523 3.2373369245167303 0.0656529200938028 62.411957143970525 30.47940745077097 4776.68576426365 1.1945034879023864 0.4537687340309564 3.0458483825368567 0.0
0.3047936845930554 0.3456619425540333 -1.042991260215102 3.2533102054716383 1.5197431096250835 1.3784853172977467 2.5063157827811398 5.946052142399049 -0.06953683693359253 50.823415211936634 39.91250586440509 5949.986772430179 1.4294671499056788 -0.15294357959098887 0.3371331648515085 0.0
0.3338760804399899 0.16378584804565366 0.5077181002474219 5.967959656243654 0.03085447801624606 6.221116757032727 2.661650046711688 3.9814560301420494 -0.04703993623179077 54.86694109390196 47.60275693833202 5266.799361029253 0.6268226625838929 -0.008450150121591815 2.301729277070343 0.0
0.6086934274662991 0.11735703666794176 0.14639847355771826 5.879489989157473 0.5830710351365621 2.320173781385213 2.859663653311022 0.205998287534128 -0.012385384920950121 46.76924959833517 25.130772291198664 5510.604782662632 0.7369096084933029 -0.7101764988511969 0.205998287591946 -0.0
0.08005292559556626 0.13266205559651506 1.3576548591333413 5.335277809047535 1.440529237128516 4.625006001862603 4.6917283430108165 6.039540032985937 -0.01177683201252462 76.79323784681051 70.19176203641584 5112.804383450065 0.4191636184931569 -0.2923802754685764 0.2436452742017189 0.0
