dec ra theta_jn psi phase geocent_time a_1 a_2 cos_tilt_1 cos_tilt_2 phi_12 phi_jl mass_ratio chirp_mass luminosity_distance duration
0.40280083506686704 0.2267272622802973 2.754869474874632 1.3313525410490357 1.8840668042450872 -0.02610225703449323 0.1488875702086368 0.11922793022094676 0.9682892392946196 -0.259360695138708 1.4242673903361451 0.0 0.9696972868077348 30.318854052210344 725.7117954268068 4
1.3237503118458736 3.5781460095698163 0.6780541175015785 2.5580057073982223 5.099453337027174 0.010390467939373968 0.1906259431777932 0.031792152337742484 0.5347138143066322 -0.2657621548215417 3.6188711033524688 0.0 0.8643584097568648 33.695605676809826 366.6037575215864 4
-1.0285067063950588 2.5972889906081096 0.2031876232776422 2.5013316874090754 2.3453444629023275 -0.06463602052572376 0.2057496002109311 0.2174197738514451 0.7592238138412885 -0.677446657218589 6.2218507498798825 3.1415926535897927 0.4983761981333629 24.70830776561507 360.8984759628626 4
-0.13971531311036314 3.0338023395120883 0.1957502207090115 1.4723329737150608 4.135653808508781 -0.08864499476120168 0.15285746868443928 0.059997586547655024 0.9897524498942728 -0.6840693611468691 2.908556535699108 -0.0 0.6606053280658171 26.45314043919134 655.7004447398788 4
-0.5074002127611679 2.7193301753879933 0.8901399312514237 0.6313565758417053 6.193666432450051 -0.04254930471968399 0.21192263440963868 0.1360997590848757 0.8830345510161277 -0.18554394647503325 0.8599805912090295 -0.0 0.8830982751045893 51.1523236789252 846.2202854848313 4
-1.3362905570590855 6.234544047716402 2.6593804311632017 1.6055314499853612 3.364778303650662 -0.02612911056321369 0.10429018555579324 0.14873555796809768 0.8630617149549145 -0.2685032549740208 3.0978369881547376 -0.0 0.9896483733245884 26.696467138621212 156.671943585898 4
0.17219047959005074 1.7515416655344251 2.97367935391846 0.06405536204906492 3.8254494567485713 -0.08069645170533543 0.4407773583362629 0.15730316865071448 0.5719247350271929 0.8636590931401704 4.273743198550713 0.0 0.6579455140095434 47.8186212832714 609.5626662121438 4
0.5509239654186582 5.84221408669746 2.933529878901132 0.9284712328279564 3.605551049072507 0.060486699962868574 0.2447161188283677 0.17263369824656574 0.6603819163012348 0.258010763260566 3.726290867464419 3.1415926535897927 0.7752026518576218 48.51057144411403 1173.765448657536 4
-0.2743624109618738 3.9830391715726288 0.5768388232706394 0.7772558492857263 6.121420117727692 -0.0244752063437326 0.04594019801474033 0.027061511655214133 0.6357311241616731 0.09358300154720617 5.295525316863476 0.0 0.6463305284869463 28.32865449971305 468.1456925621698 4
-0.7458150479699647 2.9874080964168788 0.4129054861748026 2.9728411945050444 1.813965583763692 0.01693777995541748 0.22077036809786726 0.15554602160881828 0.5295808527748438 -0.29365072437891626 4.057752703495197 0.0 0.992791756434263 35.60134999174166 564.8153270704631 4
0.1176321789072742 2.6629023375475205 2.654945341922556 0.9501126210019186 3.958265694332647 -0.09202737506229383 0.12907582356856334 0.3697199834233482 0.5359354562257891 0.15955018401178475 2.504008793605783 0.0 0.7920520094492299 27.406885553926806 467.36103681282316 4
1.4211294207375271 1.0812968232042974 0.1930278592730835 1.032311946449603 1.826187793026072 -0.09520655301145914 0.09623848509201154 0.035397459989356984 0.6709562175285131 0.6308729175341508 3.0208499016664345 3.1415926535897927 0.8744650088020579 24.05093736971268 487.97065086339995 4
0.1464526500110061 0.8301951565960871 2.7223109503629237 1.8798960142633163 1.856886433486393 0.020045840023169642 0.3775492911219765 0.07085436735947483 0.9824291283887672 -0.2948367280946845 0.9875620529822364 3.1415926535897927 0.9903090208883484 31.658289986355697 542.4412140880937 4
0.11784821591843822 5.661908838253987 0.37914395181782784 1.4662858168927138 0.7330650333590858 -0.07398374512290062 0.16604141178409929 0.2661673198769772 0.6305864775721757 0.8158810949699312 0.6911108276226225 0.0 0.6824253105861628 25.59482685552637 543.4188601642795 4
-0.7042730594550375 4.447199427623441 2.520957765191662 1.3519841787653537 3.45194823457448 0.04794616302680735 0.2321492709208436 0.23800979819283785 0.889272706577318 -0.6818644392526015 5.875404734416769 -0.0 0.7585827056097864 27.67513949557525 426.97301933991065 4
-0.8704575323871949 1.992938153061988 3.0762282536955685 3.114500785488396 4.001916280440405 0.04201097718957622 0.05345424931149205 0.11989615169002672 0.5546976221021762 0.551080310414282 3.0714256141513867 -0.0 0.908491459127758 28.25276828810823 283.0894174889028 4
0.1813349603258589 2.4740454739150888 0.3541463735840594 1.3330984473242748 5.016494914451858 0.05090112960359125 0.1980396983108716 0.08616072492248686 0.2285450787973804 0.6365329266397131 4.694228374172306 0.0 0.9354010406019048 38.128477507666695 565.523066385736 4
0.4878619836892202 0.3265073637024891 2.807774678512956 2.506069470218108 3.029941475886216 -0.021188317215309047 0.2882125203955075 0.5390585275676506 0.777038433680359 0.8390384689593784 5.99576113814116 -0.0 0.43995997328336905 25.39563970552741 610.9566370024028 4
0.8046062141870771 1.0395516508652511 2.7531757237197896 1.2425659579384327 0.5936249737058371 0.07505649658455826 0.3162311217823923 0.19537883282295296 0.8721124509999937 -0.8767661915226412 1.4345811827889083 0.0 0.27867002661874435 18.273656073560776 332.2371093026814 4
1.2895456319820595 1.5063402355558184 0.3137558714638179 2.431339493075369 1.686873756530623 -0.02968336467601258 0.21833643130493205 0.03213137514258831 0.25931824790229513 -0.94830398462822 2.5869926448669114 0.0 0.7295575436332558 29.598937515788755 306.34027918388495 4
0.29130825317662923 5.4938231010267655 0.5062528787220708 2.5776961856949336 0.14350934681786426 -0.010601836417999458 0.5856047507626538 0.07841829776811124 0.6831634953922804 -0.9019660483867188 0.7741802130505335 3.1415926535897927 0.8340238857570047 30.68065006725235 150.51653044202874 4
0.27591766917723565 3.950288814659628 2.2028045890561883 1.5559881549397618 4.9459277577803435 -0.018755032726189242 0.0156270376581865 0.24084004399037665 0.914857729111498 0.9067364946929132 3.2740813454094537 -0.0 0.8538634035137387 32.12963699643427 315.7494145038396 4
0.5655252069297615 1.7326257117618429 0.3704514781602189 0.2716240673476989 4.94865836883112 0.09507452567926863 0.18960181431752574 0.3575844111744069 0.5284717243442492 0.12537928742519885 4.8804794266483045 -0.0 0.8731058152007243 27.706708139635897 372.857818179932 4
-0.4396802147107642 2.5013903315006822 0.8365314622509675 1.2491655227482257 4.8465155334195185 -0.007062599249733181 0.3645512354772063 0.02903076669001248 0.4376474774419221 0.9046916382565326 4.221336167035888 0.0 0.8998224329995661 34.991967101148056 595.3088110487369 4
0.1489969246089899 1.2195670948604758 0.993209663352037 1.6461307976307236 1.4243128434096084 -1.886631504802172e-05 0.07696078791566033 0.2045519305958924 0.21883917417085544 -0.7887872476102465 2.348542693649793 0.0 0.8968321091236301 34.76755717791047 163.07503435136059 4
-0.8731997636408305 2.503581997805556 0.3989962251499429 0.6341359241938802 2.707818508779241 0.046273294598237896 0.15997414153685993 0.33902537501226865 0.8259771394755502 -0.4421224727980008 6.035580784049004 -0.0 0.9680415733385612 36.77250735147097 635.75124459933 4
-1.1944144249334891 4.666923873660052 2.869798284743596 0.050012405826141935 5.219311368850157 -0.08669167356465796 0.27270407976548683 0.025053865334730082 0.4112342009747595 0.6456125296349412 5.0217984054479725 0.0 0.9775329145334998 31.5310509083077 306.6269851412323 4
0.3022494291220773 5.123675214514084 3.0547003517104847 2.2387025643417195 6.2288252891688085 0.031928724603442926 0.1648415124378205 0.2519700302229894 0.8697592090317089 -0.9897350647149256 0.27201186358017104 -0.0 0.4220736962241883 23.195715631248497 385.76907101256967 4
-1.1428734011976098 1.9430972598048608 0.14202918320688493 0.7159098117549836 1.211292929172614 0.046053193692357115 0.2005139499796864 0.1748980822971629 0.8804873703099833 0.37449654360325096 1.6798657719381518 3.1415926535897927 0.60342372856974 31.973780759551946 393.69149464429 4
0.9192464327117622 3.712675263591832 2.316336950881968 3.0091512913881067 3.972118522496209 0.0710088925013505 0.26686861095473624 0.2977626555065123 0.4159830110728521 0.07524329087264098 3.4888361111999417 3.1415926535897927 0.3860722320792078 19.184715229367086 106.38548851896073 4
0.20618544261870173 5.825526631581205 0.9324643924906686 0.8539945275201114 1.7874421549029555 0.0197883707005182 0.08294926740163368 0.4517012370538433 0.7045725412295875 0.08430719534730335 0.8592198598184408 0.0 0.8863621103498913 28.14281502119046 221.7977451483731 4
