dec ra theta_jn psi phase geocent_time a_1 a_2 cos_tilt_1 cos_tilt_2 phi_12 phi_jl mass_ratio chirp_mass luminosity_distance duration
-0.3606881101953671 3.5724969830003515 2.635630275261144 0.6485297580158985 5.827699571389881 -0.011576358035437634 0.08991591806440828 0.10218293965870827 -0.012103736273843358 -0.08596877303110838 5.52096119522135 0.0 0.8741376452822567 30.55313217566764 445.06367667551285 4
-0.6380271556365681 3.504964314844957 3.0734370679373253 0.7669012363202684 0.8102400909135379 -0.09665530561694533 0.07044122751195747 0.0732530476038273 -0.5907451202463097 -0.6228639505466804 2.9838691825676973 3.1415926535897927 0.5009744191740394 21.75955893747408 573.5905655601529 4
0.7691324122915749 1.2459461834856704 0.480618852765195 0.93745596321331 3.2905456258385217 -0.020397582092624475 0.16492101442181034 0.3837065687689885 0.7878562161810855 0.6039204993789381 2.2202874349916377 0.0 0.8050862040373419 28.577635335245407 333.92598973653463 4
0.05343709232221552 2.861266899610994 0.07839559375707135 3.0056327021087688 5.445634056592832 -0.057409377547859575 0.17693830875668767 0.3101065741741183 0.4424708240571521 0.3057672048244889 2.4094301232631983 -0.0 0.7826356915233028 17.48081470260266 415.9478848425698 4
-0.2803242323845415 4.8680774490391725 2.4686786016135867 2.1714553051371865 5.005800012376592 -0.005706531174153096 0.1627273570346474 0.3643264973490291 0.6357750359038933 0.8336744152240014 1.8089286813944756 0.0 0.8866339807218028 19.280074207542828 268.3207337173011 4
0.4882488034707947 6.263971622693519 2.1304357096977187 0.24444276663494136 1.739825276867791 0.0023378632819399674 0.16665696580301206 0.2216577923825044 -0.4305476141576581 -0.26587841600399986 0.6753474026434743 0.0 0.9933222351650316 30.541098150411678 137.99614422793832 4
0.8781980727463691 1.3898423948186496 3.1033113992771777 1.6705495908482448 3.9172144539290175 -0.07185670327961348 0.22419187532728613 0.020318181861357226 0.1950100961439808 0.3612025530430392 4.236008498559168 0.0 0.4727959668078641 16.692301354549645 289.7570880213084 4
-0.4470160070564667 2.8531480977356813 0.2378832977655313 2.778550859448146 4.535679049309076 0.07980291582595153 0.4841907762586901 0.19001616493546106 0.4150212697060869 0.07353019784023243 4.488231525861926 3.1415926535897927 0.7321743369029156 14.217104822250445 349.7966977412041 4
0.3068240656448726 0.8462158012952588 3.0391100587615134 1.3455648932523994 2.009207180990583 0.06388582617368341 0.009153129273562715 0.2282020307002265 0.9053192725716208 0.8110665391683909 5.394498828906922 0.0 0.40948718109889626 38.421178185126635 582.9253210844612 4
0.5223761158128395 3.2792609634881207 0.4200770040588345 1.6513471670651982 4.94908217399777 -0.05884166893950923 0.32756690990715825 0.4665056170936259 0.5439913104891952 0.797693028987948 2.336439725323903 0.0 0.9624340952075444 33.62359040579919 231.27187985655075 4
-0.5068311964030682 0.2508153435898422 0.9619610621575287 0.6204725317092883 2.671187370919472 -0.09526572346185064 0.08733311184138187 0.34604238407405513 0.5412341806951657 0.7947064815048259 3.7232191566853 -0.0 0.6950301311165796 46.88818928285411 338.11196279223185 4
0.7578918498180985 4.465635923714128 3.0436543994431133 3.025216862708227 2.3097389281899403 -0.061257787271871124 0.07383178181995241 0.07335179150814912 0.3842665783397137 0.6542248486742882 0.8112923472814032 -0.0 0.8014402528083929 35.37729376783668 493.67224873275995 4
-0.44393683023943736 3.0236536607016538 3.0216745167860903 0.9547839298245712 1.695109491333154 -0.031659675124424684 0.16760019086384734 0.025227659334154443 0.04491374567813182 0.4323582064077961 2.5692329354675065 -0.0 0.5558740213436856 23.51466329143276 459.6918614795415 4
-1.3854072750288604 3.703219276526277 1.4965945559214482 1.4866290463025391 2.6876493424068397 0.025999227735520075 0.01612518100587815 0.1639930886739753 0.11070001032942686 0.05876730040822864 4.77545938476473 -0.0 0.7631956822896734 26.969373128774052 300.87738563676555 4
0.005542837453624747 2.5711862061043247 0.5857881824532607 2.2375566435467498 4.70776383767536 -0.07610965666450505 0.07620986363542963 0.07692933286727842 -0.12061414280919908 -0.02003704840769876 2.531503330740517 3.1415926535897927 0.7884392081303319 30.13966082969913 347.3031201973919 4
-0.6947529287892411 2.0661483863101138 0.18839918976386344 1.0537556657382765 1.7982669407046925 -0.03968649126464743 0.3693847834707173 0.2463098029369972 -0.6345486077915589 -0.4822927652487165 6.163201512817245 0.0 0.8447995391688234 30.950688453208514 205.2255361769193 4
-1.3645128170785648 1.3005039078721865 2.6004924197993176 1.9927261673210868 4.320150391243844 -0.0383491985848996 0.37201754028764616 0.3505581160606725 0.7297996376486339 0.7426582336437006 3.7875923451242697 0.0 0.9889378460611395 33.950051781408035 418.2102996431385 4
0.5917217819790636 3.5416931773117453 2.7467031376990936 2.2856677702828345 1.3756428836994803 0.0828991503326941 0.09317163412503578 0.2557315518894324 0.7714542129302894 0.70032973167566 2.9365526285938457 0.0 0.8996056428429584 14.85817743512059 264.01350534735246 4
0.9848534311369204 5.836824981713972 3.082212806090976 0.5562822659689294 2.809803617357216 0.03508479932577685 0.11425167826400218 0.24720676986374096 -0.5103115264694941 0.2131673282492476 2.1561317814635768 0.0 0.5455713927452038 26.031519585997977 579.2209024400672 4
0.8443486226245575 1.1683200318963836 0.0378756457274874 3.0694493389478468 5.634620302061245 -0.06939580262519701 0.3095777038024595 0.032057728754232614 -0.055582341729360565 -0.7360264366438808 1.9969340933900224 0.0 0.8730025706027089 25.474111238372828 573.502532313461 4
0.36163284073238827 3.621303220190564 0.1567178077711817 2.128800156136644 5.737010666796098 -0.038786235794207966 0.3421518489778205 0.3993736611334591 0.9173361953731776 0.8617041746098473 0.1527843037867697 0.0 0.8918616769417922 29.844782470471817 285.824955694528 4
0.6459485743745401 0.2645873766628705 2.6887737761645454 0.4221993879865697 2.3856922280855666 0.006652034257462788 0.11157583533732383 0.01478766511275346 0.6665286058641218 -0.4788394530943818 1.3069847387081188 -0.0 0.5962641562701203 32.887775084879586 502.5935091151384 4
-0.4097610463307913 3.2014564581173497 1.2156050736019008 2.220453384976718 0.7523062592364592 -0.08267635360593592 0.04474942546042944 0.4326383374068901 -0.11878730954119275 -0.294935040301493 3.2410416078042714 3.1415926535897927 0.8604744532512042 59.292805752150365 517.2182693930076 4
0.5191322185674632 5.7000476445601365 0.0604578303784863 2.93348756899221 0.868682054232122 0.062465238434715326 0.14587841225089365 0.2012419248841716 0.8856021936473961 0.9869371224336048 3.2339048812170343 3.1415926535897927 0.5330469455064385 27.812286944763237 565.6734999460358 4
-0.17013958985367816 0.291448380824381 2.8133549535018605 2.8205008290538056 2.6313087469273198 -0.04964348777788519 0.2613352182439191 0.05482277080444816 -0.5547547227948985 -0.9317310363018882 3.6446987166643976 0.0 0.8433840709622153 37.54327941704355 432.41390813730703 4
0.9213282264795872 0.9357374684863228 2.476040231896337 2.979954371823725 2.9079449230356342 0.09941456049488116 0.023441109819852528 0.32259214810198417 0.9897804100933631 0.9500257940289418 1.8528542812366469 -0.0 0.8004119781193931 14.345063626445164 245.1130068903271 4
-0.4810012427995434 2.39433561701812 2.4936123753593167 2.7678893866166616 1.5456904119519048 0.08797080387297071 0.15363803757463546 0.18092756174765026 -0.1761796466994221 0.18336302553882927 2.624043538361536 3.1415926535897927 0.4463455344414228 18.19025055522573 319.50943346613195 4
1.1901536104999595 2.6656227063616558 1.7276918631687943 0.6058561106164897 2.318609624650721 -0.02382282866763659 0.20998246507413126 0.2388413486272048 0.7705293508718257 0.9005747965714592 4.8134478468410915 0.0 0.7830991154452008 28.62650955743685 162.2789550307131 4
-0.5653067220012702 4.370008186976341 0.012647531000818096 2.6407743815786406 1.4318131663548708 0.015506162635025468 0.17295621495725716 0.08060064802412177 0.06766327609394382 0.6310965617928235 0.0930906775221659 -0.0 0.8458778492358634 19.56854646118556 396.91186621461713 4
-0.5423659804770319 2.6099333098557547 2.2082238058571804 1.053966858677606 1.2955005419322718 -0.05988320443208778 0.08844263096588101 0.2407457581656335 0.5531499681976088 0.8170835578909494 3.5518301897746487 0.0 0.9219297018177446 32.57713474201811 312.54116225759014 4
-0.5615100278858075 2.6794152332568686 2.336894248163811 2.9819747275937907 5.1126828446877335 -0.07210817331412141 0.2668123989134059 0.5710551572789893 0.6832072922874985 0.2813372954003111 0.3431563070997411 -0.0 0.8505465793809657 24.839571311010555 167.49939937015273 4
-0.3999135770725039 0.4657605419439041 0.8387366553031392 2.9921168202002235 6.155797179031705 -0.02961868997531418 0.15729456011413612 0.17348496585870596 0.9598248979124954 0.9873509408919036 4.5735873477960105 0.0 0.5407352328216087 19.827665465538328 292.51816905797824 4
-0.22084037212898186 5.193154392922403 3.0037716785285857 0.4262437694408429 5.344269646401441 0.049508542996913714 0.3146336568550519 0.2125127903254485 0.19673095137384464 0.08802732012461494 1.0706107221496006 -0.0 0.7642690730292787 37.06472313441291 321.7226246254698 4
-0.3857823522291727 4.262667378197243 1.9855473854826828 1.4393295330275897 1.9855650335677957 0.092202751010069 0.0993365099043204 0.05196424220612656 0.5491979339598062 0.6701130615373878 2.344106009684664 3.1415926535897927 0.9803783161205264 23.93592335142735 244.08516616841482 4
-0.2416793089330287 2.8760649553598894 2.5476585804579712 1.4244397972392746 5.242939460039001 0.01730646085365999 0.13892566899446948 0.02631099227136782 0.12292616504867898 -0.3463459236685415 3.6216290745200976 0.0 0.8387221348619268 29.57899542404376 547.7464726798236 4
